shape_id,shape_pt_lat,shape_pt_lon,shape_pt_sequence,shape_dist_traveled
shp_2_1,43.792671,7.610034,1,0.0
shp_2_1,43.79129,7.613051,2,287.01
shp_2_1,43.790375,7.614882,3,465.931
shp_2_1,43.790211,7.61529,4,503.469
shp_2_1,43.790089,7.615652,5,535.692
shp_2_1,43.789963,7.616057,6,571.019
shp_2_1,43.789883,7.616387,7,598.983
shp_2_1,43.789822,7.616718,8,626.433
shp_2_1,43.78965,7.617725,9,709.649
shp_2_1,43.789589,7.618246,10,752.033
shp_2_1,43.789562,7.618855,11,801.069
shp_2_1,43.789558,7.619657,12,865.511
shp_2_1,43.789581,7.62301,13,1134.955
shp_2_1,43.789593,7.623396,14,1166.016
shp_2_1,43.7897,7.625324,15,1321.435
shp_2_1,43.7897,7.625676,16,1349.674
shp_2_1,43.789692,7.625925,17,1369.745
shp_2_1,43.789631,7.626514,18,1417.561
shp_2_1,43.789391,7.628172,19,1553.415
shp_2_1,43.789303,7.628871,20,1610.391
shp_2_1,43.789265,7.62946,21,1657.949
shp_2_1,43.789246,7.630512,22,1742.468
shp_2_1,43.78923,7.630901,23,1773.767
shp_2_1,43.789207,7.631236,24,1800.858
shp_2_1,43.789177,7.631505,25,1822.692
shp_2_1,43.789139,7.631754,26,1843.15
shp_2_1,43.78907,7.632089,27,1871.189
shp_2_1,43.788994,7.63239,28,1896.755
shp_2_1,43.788887,7.632735,29,1926.895
shp_2_1,43.788811,7.63295,30,1946.266
shp_2_1,43.788677,7.633258,31,1975.068
shp_2_1,43.788521,7.6335750000000004,32,2006.03
shp_2_1,43.788116,7.634272,33,2077.81
shp_2_1,43.787884,7.634645,34,2117.393
shp_2_1,43.787674,7.634942,35,2150.665
shp_2_1,43.787361,7.635325,36,2197.404
shp_2_1,43.787205,7.635482,37,2218.802
shp_2_1,43.785069,7.637464,38,2504.815
shp_2_1,43.78476,7.637794,39,2548.483
shp_2_1,43.784626,7.637949,40,2567.752
shp_2_1,43.784485,7.638143,41,2590.008
shp_2_1,43.784344,7.638348,42,2612.772
shp_2_1,43.784176,7.638619,43,2641.365
shp_2_1,43.784039,7.638882,44,2667.58
shp_2_1,43.783894,7.639186,45,2696.809
shp_2_1,43.783787,7.639428,46,2719.436
shp_2_1,43.783661,7.639789,47,2751.717
shp_2_1,43.78352,7.64022,48,2789.839
shp_2_1,43.783295,7.641014,49,2858.352
shp_2_1,43.78323,7.641325,50,2884.354
shp_2_1,43.783188,7.64162,51,2908.575
shp_2_1,43.783146,7.641993,52,2938.91
shp_2_1,43.783005,7.64344,53,3056.213
shp_2_1,43.782906,7.644154,54,3114.594
shp_2_1,43.782776,7.644923,55,3178.125
shp_2_1,43.7827,7.645308,56,3210.24
shp_2_1,43.781986,7.648338,57,3466.392
shp_2_1,43.781277,7.651274,58,3715.169
shp_2_1,43.780972,7.65244,59,3814.858
shp_2_1,43.780739,7.65338,60,3894.802
shp_2_1,43.780495,7.654415,61,3982.234
shp_2_1,43.780235,7.655467,62,4071.644
shp_2_1,43.77998,7.656571,63,4164.797
shp_2_1,43.779366,7.659138,64,4382.198
shp_2_1,43.778694,7.662006,65,4624.536
shp_2_1,43.778313,7.663581,66,4757.979
shp_2_1,43.778313,7.663581,67,4757.979
shp_2_1,43.777977,7.66501,68,4878.825
shp_2_1,43.77779,7.665956,69,4957.639
shp_2_1,43.777699,7.666533,70,5005.176
shp_2_1,43.7775,7.668572,71,5170.539
shp_2_1,43.777454,7.669203,72,5221.441
shp_2_1,43.777439,7.669718,73,5262.871
shp_2_1,43.777443,7.67001,74,5286.352
shp_2_1,43.777466,7.670342,75,5313.209
shp_2_1,43.777504,7.670667,76,5339.642
shp_2_1,43.777584,7.671147,77,5379.329
shp_2_1,43.777679,7.671574,78,5415.1
shp_2_1,43.777744,7.671839,79,5437.665
shp_2_1,43.777863,7.672233,80,5472.062
shp_2_1,43.778099,7.67292,81,5533.199
shp_2_1,43.778263,7.673338,82,5571.295
shp_2_1,43.778492,7.673768,83,5614.275
shp_2_1,43.778702,7.674111,84,5650.525
shp_2_1,43.778893,7.674307,85,5676.87
shp_2_1,43.779438,7.674811,86,5749.972
shp_2_1,43.779537,7.674894,87,5762.613
shp_2_1,43.779892,7.675157,88,5807.559
shp_2_1,43.780354,7.675471,89,5864.92
shp_2_1,43.780556,7.675616,90,5890.184
shp_2_1,43.780716,7.67575,91,5910.929
shp_2_1,43.780949,7.675981,92,5942.889
shp_2_1,43.78178,7.676936,93,6063.105
shp_2_1,43.782852,7.678217,94,6220.637
shp_2_1,43.783096,7.67852,95,6257.28
shp_2_1,43.783516,7.679102,96,6323.281
shp_2_1,43.783813,7.679565,97,6373.205
shp_2_1,43.784035,7.679934,98,6411.628
shp_2_1,43.78426,7.68035,99,6453.37
shp_2_1,43.784431,7.680701,100,6487.66
shp_2_1,43.784565,7.681005,101,6516.091
shp_2_1,43.784779,7.681509,102,6563.008
shp_2_1,43.78511,7.682377,103,6641.976
shp_2_1,43.785229,7.682742,104,6674.111
shp_2_1,43.785866,7.684531,105,6834.519
shp_2_1,43.786232,7.685435,106,6917.681
shp_2_1,43.786453,7.685936,107,6964.949
shp_2_1,43.786667,7.686358,108,7006.573
shp_2_1,43.787636,7.687931,109,7172.641
shp_2_1,43.788177,7.688749,110,7261.933
shp_2_1,43.788879,7.689858,111,7380.327
shp_2_1,43.789063,7.690113,112,7409.097
shp_2_1,43.789268,7.690377,113,7440.555
shp_2_1,43.789501,7.690653,114,7474.48
shp_2_1,43.789825,7.691002,115,7520.295
shp_2_1,43.79018,7.691344,116,7568.248
shp_2_1,43.790562,7.691683,117,7618.988
shp_2_1,43.790981,7.691971,118,7670.822
shp_2_1,43.792881,7.693036,119,7899.246
shp_2_1,43.793354,7.693334,120,7956.944
shp_2_1,43.795601,7.694862,121,8235.487
shp_2_1,43.795921,7.695125,122,8277.095
shp_2_1,43.796253,7.695421,123,8320.927
shp_2_1,43.796558,7.695713,124,8362.192
shp_2_1,43.796833,7.696019,125,8401.507
shp_2_1,43.797039,7.696293,126,8433.21
shp_2_1,43.797283,7.696685,127,8474.77
shp_2_1,43.797565,7.697258,128,8530.604
shp_2_1,43.798145,7.698535,129,8651.86
shp_2_1,43.798546,7.699372,130,8732.437
shp_2_1,43.79879,7.699855,131,8779.786
shp_2_1,43.799229,7.700633,132,8859.284
shp_2_1,43.799606,7.701231,133,8923.136
shp_2_1,43.802181,7.705021,134,9341.136
shp_2_1,43.802849,7.706074,135,9453.856
shp_2_1,43.803387,7.707041,136,9552.081
shp_2_1,43.803947,7.7081,137,9657.557
shp_2_1,43.80444,7.709118,138,9755.868
shp_2_1,43.804768,7.709836,139,9824.144
shp_2_1,43.805073,7.710567,140,9891.948
shp_2_1,43.805367,7.711357,141,9963.407
shp_2_1,43.805779,7.71257,142,10071.181
shp_2_1,43.806187,7.713828,143,10181.854
shp_2_1,43.806602,7.71524,144,10304.416
shp_2_1,43.82122,7.766707,145,14747.389
shp_2_1,43.82122,7.766707,146,14747.389
shp_2_1,43.822899,7.772618,147,15257.531
shp_2_1,43.829346,7.795481,148,17229.063
shp_2_1,43.840595,7.835651,149,20689.205
shp_2_1,43.840595,7.835651,150,20689.205
shp_2_1,43.880508,8.019182,151,36075.688
shp_2_1,43.880508,8.019182,152,36075.688
shp_2_1,44.007992,8.171279,153,54784.191
shp_2_1,44.007992,8.171279,154,54784.191
shp_2_1,44.008968,8.172413,155,54925.84
shp_2_1,44.009544,8.173057,156,55008.246
shp_2_1,44.009674,8.173235,157,55028.594
shp_2_1,44.010044,8.173637,158,55080.84
shp_2_1,44.010422,8.174187,159,55141.695
shp_2_1,44.010921,8.175257,160,55243.668
shp_2_1,44.011223,8.176006,161,55312.523
shp_2_1,44.011654,8.176882,162,55397.473
shp_2_1,44.01186,8.1772,163,55431.785
shp_2_1,44.013073,8.178663,164,55610.605
shp_2_1,44.013809,8.179872,165,55737.363
shp_2_1,44.013958,8.180185,166,55767.375
shp_2_1,44.014133,8.180655,167,55809.773
shp_2_1,44.014591,8.181944,168,55924.934
shp_2_1,44.015091,8.18339,169,56053.238
shp_2_1,44.015476,8.184615,170,56160.328
shp_2_1,44.015591,8.185072,171,56198.969
shp_2_1,44.015934,8.186529,172,56321.801
shp_2_1,44.01622,8.187613,173,56414.281
shp_2_1,44.01664,8.188659,174,56510.055
shp_2_1,44.017132,8.189697,175,56609.746
shp_2_1,44.017399,8.190193,176,56659.375
shp_2_1,44.017712,8.190537,177,56703.531
shp_2_1,44.018295,8.191092,178,56782.289
shp_2_1,44.018791,8.191335,179,56840.926
shp_2_1,44.019405,8.19152,180,56910.844
shp_2_1,44.020485,8.191731,181,57032.027
shp_2_1,44.020954,8.191838,182,57085.105
shp_2_1,44.021332,8.191992,183,57129.047
shp_2_1,44.021938,8.192346,184,57202.156
shp_2_1,44.022285,8.19265,185,57247.711
shp_2_1,44.02272,8.193113,186,57308.777
shp_2_1,44.023144,8.193614,187,57370.523
shp_2_1,44.023716,8.194263,188,57452.82
shp_2_1,44.024178,8.194939,189,57527.438
shp_2_1,44.024509,8.195539,190,57588.203
shp_2_1,44.025181,8.196891,191,57719.609
shp_2_1,44.025803,8.197828,192,57821.711
shp_2_1,44.026737,8.198855,193,57954.113
shp_2_1,44.027096,8.199175,194,58001.848
shp_2_1,44.027504,8.199476,195,58053.027
shp_2_1,44.027802,8.199716,196,58091.324
shp_2_1,44.028202,8.200086,197,58144.988
shp_2_1,44.028568,8.200436,198,58194.285
shp_2_1,44.029076,8.200827,199,58258.758
shp_2_1,44.02961,8.201167,200,58324.262
shp_2_1,44.030361,8.20168,201,58417.68
shp_2_1,44.030827,8.202155,202,58481.895
shp_2_1,44.031441,8.202796,203,58567.113
shp_2_1,44.031544,8.202934,204,58583.281
shp_2_1,44.032143,8.203788,205,58678.582
shp_2_1,44.036003,8.209536,206,59308.043
shp_2_1,44.036667,8.210585,207,59419.871
shp_2_1,44.037819,8.212435,208,59615.801
shp_2_1,44.038322,8.213224,209,59700.457
shp_2_1,44.038746,8.213807,210,59766.672
shp_2_1,44.039383,8.214528,211,59858.137
shp_2_1,44.040268,8.21545,212,59981.121
shp_2_1,44.041607,8.216873,213,60168.574
shp_2_1,44.04261,8.217956,214,60310.074
shp_2_1,44.042679,8.218019,215,60319.172
shp_2_1,44.042877,8.21823,216,60346.875
shp_2_1,44.043228,8.218562,217,60394.281
shp_2_1,44.043533,8.218826,218,60434.434
shp_2_1,44.04454,8.219614,219,60562.848
shp_2_1,44.044849,8.21984,220,60601.914
shp_2_1,44.045185,8.220056,221,60642.758
shp_2_1,44.045872,8.220531,222,60728.316
shp_2_1,44.046665,8.221096,223,60827.313
shp_2_1,44.047291,8.221585,224,60907.23
shp_2_1,44.047291,8.221585,225,60907.23
shp_2_1,44.047707,8.221901,226,60960.16
shp_2_1,44.051067,8.224545,227,61390.0
shp_2_1,44.051655,8.224981,228,61464.133
shp_2_1,44.051868,8.225124,229,61490.457
shp_2_1,44.052071,8.225239,230,61514.684
shp_2_1,44.052292,8.22535,231,61540.848
shp_2_1,44.05262,8.225487,232,61578.934
shp_2_1,44.052929,8.225575,233,61614.293
shp_2_1,44.053219,8.225619,234,61646.621
shp_2_1,44.05349,8.225637,235,61676.836
shp_2_1,44.053684,8.225635,236,61698.5
shp_2_1,44.054146,8.2256,237,61750.09
shp_2_1,44.055809000000004,8.225424,238,61935.578
shp_2_1,44.05661,8.22533,239,62025.18
shp_2_1,44.057278,8.225271,240,62099.527
shp_2_1,44.058529,8.225201,241,62239.16
shp_2_1,44.06081,8.225102,242,62492.922
shp_2_1,44.061901,8.225047,243,62614.441
shp_2_1,44.064949,8.224938,244,62953.777
shp_2_1,44.065445,8.224953,245,63008.992
shp_2_1,44.065891,8.224997,246,63058.828
shp_2_1,44.06691,8.225113,247,63172.582
shp_2_1,44.07003,8.225488,248,63521.488
shp_2_1,44.071072,8.225597,249,63637.801
shp_2_1,44.073681,8.225914,250,63929.238
shp_2_1,44.074764,8.226036,251,64050.348
shp_2_1,44.081223,8.226801,252,64771.922
shp_2_1,44.082256,8.226932,253,64887.266
shp_2_1,44.08271,8.227015,254,64938.078
shp_2_1,44.083191,8.22714,255,64992.598
shp_2_1,44.083641,8.227282,256,65044.02
shp_2_1,44.084015,8.22742,257,65086.914
shp_2_1,44.085697,8.228001,258,65279.996
shp_2_1,44.089737,8.229445,259,65744.57
shp_2_1,44.093235,8.230651,260,66145.516
shp_2_1,44.094143,8.230984,261,66250.203
shp_2_1,44.094547,8.231124,262,66296.516
shp_2_1,44.095634,8.231526,263,66421.5
shp_2_1,44.09594,8.231663,264,66457.164
shp_2_1,44.09621,8.231818,265,66490.078
shp_2_1,44.096565,8.232037,266,66532.992
shp_2_1,44.096996,8.232331,267,66586.594
shp_2_1,44.097382,8.232635,268,66635.711
shp_2_1,44.097736,8.232959,269,66683.125
shp_2_1,44.098946,8.234148,270,66847.742
shp_2_1,44.09988,8.235075,271,66975.594
shp_2_1,44.100433,8.235636,272,67051.641
shp_2_1,44.100796,8.236023,273,67102.594
shp_2_1,44.101139,8.236367,274,67149.531
shp_2_1,44.10149,8.236691,275,67196.563
shp_2_1,44.101948,8.237045,276,67255.031
shp_2_1,44.102268,8.237262,277,67294.469
shp_2_1,44.102573,8.237455,278,67332.0
shp_2_1,44.104366,8.238451,279,67546.609
shp_2_1,44.104679,8.23864,280,67584.57
shp_2_1,44.104935,8.238823,281,67616.578
shp_2_1,44.106232,8.23997,282,67787.797
shp_2_1,44.106991,8.240595,283,67885.875
shp_2_1,44.108273,8.241632,284,68051.078
shp_2_1,44.109043,8.242277,285,68151.141
shp_2_1,44.112091,8.244789,286,68545.109
shp_2_1,44.112373,8.245015,287,68581.32
shp_2_1,44.113338,8.245829,288,68706.867
shp_2_1,44.113403,8.245874,289,68714.969
shp_2_1,44.115894,8.24791,290,69036.508
shp_2_1,44.116314,8.248268,291,69091.391
shp_2_1,44.116581,8.248507,292,69126.75
shp_2_1,44.116776,8.248693,293,69153.188
shp_2_1,44.117344,8.249288,294,69232.227
shp_2_1,44.11879,8.250946,295,69440.742
shp_2_1,44.119801,8.252079,296,69585.0
shp_2_1,44.120358,8.252732,297,69666.266
shp_2_1,44.120777,8.253186,298,69725.32
shp_2_1,44.121243,8.253619,299,69787.734
shp_2_1,44.121506,8.253824,300,69821.086
shp_2_1,44.121799,8.254033,301,69857.828
shp_2_1,44.122089,8.254223,302,69893.305
shp_2_1,44.12244,8.25442,303,69935.695
shp_2_1,44.123947,8.255223,304,70115.305
shp_2_1,44.124508,8.255503,305,70181.406
shp_2_1,44.124928,8.255732,306,70231.844
shp_2_1,44.125584,8.256116,307,70311.0
shp_2_1,44.126141,8.256464,308,70378.688
shp_2_1,44.126457,8.256685,309,70418.352
shp_2_1,44.127037,8.257102,310,70490.898
shp_2_1,44.127438,8.257404,311,70541.547
shp_2_1,44.128189,8.258018,312,70638.805
shp_2_1,44.129005,8.258715,313,70745.148
shp_2_1,44.130043,8.259685,314,70884.195
shp_2_1,44.130554,8.26019,315,70953.984
shp_2_1,44.13105,8.260666,316,71021.07
shp_2_1,44.132462,8.26209,317,71215.063
shp_2_1,44.134296,8.263906,318,71465.695
shp_2_1,44.135971,8.265549,319,71693.734
shp_2_1,44.137005,8.266586,320,71835.602
shp_2_1,44.137196,8.266788,321,71862.219
shp_2_1,44.138653,8.268217,322,72060.406
shp_2_1,44.139263,8.268859,323,72145.633
shp_2_1,44.139492,8.269106,324,72177.688
shp_2_1,44.13998,8.269658,325,72247.766
shp_2_1,44.140812,8.270691,326,72371.914
shp_2_1,44.141277,8.271289,327,72442.43
shp_2_1,44.141899,8.27215,328,72539.844
shp_2_1,44.142845,8.273563,329,72694.18
shp_2_1,44.143787,8.274994,330,72849.266
shp_2_1,44.145397,8.277469,331,73116.273
shp_2_1,44.14576,8.278003,332,73174.773
shp_2_1,44.145969,8.27829,333,73207.57
shp_2_1,44.146137,8.278506,334,73233.156
shp_2_1,44.14645,8.278876,335,73278.773
shp_2_1,44.146709,8.279157,336,73315.258
shp_2_1,44.147087,8.279542,337,73367.422
shp_2_1,44.14819,8.2806,338,73516.313
shp_2_1,44.149136,8.281569,339,73647.031
shp_2_1,44.149345,8.281816,340,73677.727
shp_2_1,44.149502,8.282021,341,73701.563
shp_2_1,44.149666,8.282254,342,73727.648
shp_2_1,44.149986,8.282754,343,73781.094
shp_2_1,44.150269,8.283279,344,73833.57
shp_2_1,44.15044,8.283641,345,73868.258
shp_2_1,44.150593,8.284008,346,73902.109
shp_2_1,44.15094,8.284956,347,73987.156
shp_2_1,44.151497,8.286706,348,74140.125
shp_2_1,44.152061,8.288653,349,74307.781
shp_2_1,44.152672,8.290665,350,74482.188
shp_2_1,44.154114,8.295347,351,74889.117
shp_2_1,44.156143,8.301988,352,75465.711
shp_2_1,44.156281,8.302475,353,75507.523
shp_2_1,44.156437,8.303089,354,75559.625
shp_2_1,44.156742,8.30447,355,75674.945
shp_2_1,44.15773,8.309073,356,76058.656
shp_2_1,44.158241,8.311417,357,76254.336
shp_2_1,44.159027,8.315124,358,76563.047
shp_2_1,44.159691,8.318547,359,76846.164
shp_2_1,44.160019,8.320294,360,76990.508
shp_2_1,44.160126,8.320928,361,77042.406
shp_2_1,44.160339,8.322374,362,77160.344
shp_2_1,44.16074,8.32522,363,77391.938
shp_2_1,44.160858,8.325803,364,77440.242
shp_2_1,44.160984,8.326274,365,77480.391
shp_2_1,44.161274,8.327022,366,77548.344
shp_2_1,44.161522,8.327521,367,77596.766
shp_2_1,44.164501,8.332598,368,78120.531
shp_2_1,44.167511,8.337404,369,78630.094
shp_2_1,44.168232,8.338659,370,78758.578
shp_2_1,44.169189,8.340442,371,78936.359
shp_2_1,44.169189,8.340442,372,78936.359
shp_2_1,44.16967,8.341352,373,79026.555
shp_2_1,44.170933,8.343686,374,79260.078
shp_2_1,44.171299,8.344276,375,79322.398
shp_2_1,44.171448,8.34453,376,79348.563
shp_2_1,44.174305,8.349781,377,79874.828
shp_2_1,44.175194,8.351428,378,80039.25
shp_2_1,44.175472,8.351923,379,80089.594
shp_2_1,44.175705,8.352314,380,80130.18
shp_2_1,44.17598,8.352757,381,80176.852
shp_2_1,44.176231,8.353141,382,80218.328
shp_2_1,44.176563,8.353621,383,80271.422
shp_2_1,44.176872,8.354043,384,80319.578
shp_2_1,44.177216,8.354491,385,80372.164
shp_2_1,44.178349,8.355893,386,80540.609
shp_2_1,44.18869,8.368924,387,82092.422
shp_2_1,44.192402,8.373614,388,82649.766
shp_2_1,44.195198,8.377182,389,83071.898
shp_2_1,44.195961,8.378173,390,83187.914
shp_2_1,44.196075,8.378308,391,83204.641
shp_2_1,44.19622,8.378514,392,83227.547
shp_2_1,44.196663,8.379084,393,83294.523
shp_2_1,44.202019,8.3861,394,84112.57
shp_2_1,44.207207,8.393085,395,84915.094
shp_2_1,44.214672,8.402751,396,86048.969
shp_2_1,44.215405,8.403594,397,86154.617
shp_2_1,44.216141,8.404366,398,86257.023
shp_2_1,44.21769,8.405729,399,86460.859
shp_2_1,44.218369,8.406269,400,86548.109
shp_2_1,44.218998,8.4067,401,86625.844
shp_2_1,44.220764,8.407763,402,86839.945
shp_2_1,44.223827,8.409508,403,87208.641
shp_2_1,44.224709,8.409995,404,87314.164
shp_2_1,44.226482,8.41093,405,87524.992
shp_2_1,44.227337,8.411396,406,87627.281
shp_2_1,44.228024,8.411759,407,87709.055
shp_2_1,44.22937,8.412461,408,87868.797
shp_2_1,44.229767,8.412657,409,87915.789
shp_2_1,44.231243,8.41341,410,88090.672
shp_2_1,44.236614,8.416247,411,88729.977
shp_2_1,44.237625,8.416671,412,88847.742
shp_2_1,44.238644,8.416974,413,88963.328
shp_2_1,44.239616,8.417152,414,89072.859
shp_2_1,44.241065999999996,8.417376,415,89234.953
shp_2_1,44.242905,8.417575,416,89440.477
shp_2_1,44.244202,8.417681,417,89585.086
shp_2_1,44.24548,8.417769,418,89727.258
shp_2_1,44.246861,8.417881,419,89881.492
shp_2_1,44.253342,8.418321,420,90603.75
shp_2_1,44.259354,8.418899,421,91274.711
shp_2_1,44.260456,8.419018,422,91397.484
shp_2_1,44.261497,8.419186,423,91514.367
shp_2_1,44.262928,8.419494,424,91675.344
shp_2_1,44.263401,8.419628,425,91729.094
shp_2_1,44.26392,8.419807,426,91788.516
shp_2_1,44.264198,8.419914,427,91820.703
shp_2_1,44.264774,8.420186,428,91888.508
shp_2_1,44.265347,8.420495,429,91956.719
shp_2_1,44.268353,8.422068,430,92313.984
shp_2_1,44.26952,8.422723,431,92454.352
shp_2_1,44.271076,8.423551,432,92639.57
shp_2_1,44.272774,8.424494,433,92842.969
shp_2_1,44.273415,8.424877,434,92920.578
shp_2_1,44.273914,8.425231,435,92983.016
shp_2_1,44.274403,8.425601,436,93044.625
shp_2_1,44.274876,8.426024,437,93107.484
shp_2_1,44.275391,8.426544,438,93178.227
shp_2_1,44.275856,8.427087,439,93245.656
shp_2_1,44.27623,8.427545,440,93300.844
shp_2_1,44.276569,8.427999,441,93353.375
shp_2_1,44.276909,8.428516,442,93409.07
shp_2_1,44.27729,8.429179,443,93476.891
shp_2_1,44.27766,8.429873,444,93545.977
shp_2_1,44.277969,8.430552,445,93610.188
shp_2_1,44.278263,8.431239,446,93673.813
shp_2_1,44.278908,8.432864,447,93821.836
shp_2_1,44.281174,8.438837,448,94360.688
shp_2_1,44.281433,8.439541,449,94423.773
shp_2_1,44.2817,8.440155,450,94481.031
shp_2_1,44.281902,8.440596,451,94522.781
shp_2_1,44.282124,8.441012,452,94564.0
shp_2_1,44.282326,8.441379,453,94600.813
shp_2_1,44.282993,8.442513,454,94717.953
shp_2_1,44.283581,8.443446,455,94816.945
shp_2_1,44.283947,8.443996,456,94876.844
shp_2_1,44.284252,8.444414,457,94924.375
shp_2_1,44.284622,8.444859,458,94978.797
shp_2_1,44.284889,8.445166,459,95017.242
shp_2_1,44.286602,8.44708,460,95261.281
shp_2_1,44.288521,8.449206,461,95533.906
shp_2_1,44.290443,8.451302,462,95805.391
shp_2_1,44.29137,8.452365,463,95938.961
shp_2_1,44.291714,8.452778,464,95989.43
shp_2_1,44.292068,8.45323,465,96042.75
shp_2_1,44.292583,8.453952,466,96124.047
shp_2_1,44.292957,8.454511,467,96184.922
shp_2_1,44.29575,8.459089,468,96664.273
shp_2_1,44.29641,8.460182,469,96778.234
shp_2_1,44.296669,8.460633,470,96824.43
shp_2_1,44.296951,8.46116,471,96876.742
shp_2_1,44.297195,8.461674,472,96925.969
shp_2_1,44.297501,8.462366,473,96990.617
shp_2_1,44.29921,8.466401,474,97364.281
shp_2_1,44.299412,8.46685,475,97406.523
shp_2_1,44.299568,8.467144,476,97435.758
shp_2_1,44.299763,8.46747,477,97469.516
shp_2_1,44.299942,8.467738,478,97498.703
shp_2_1,44.30014,8.467993,479,97528.648
shp_2_1,44.300365,8.468246,480,97560.961
shp_2_1,44.300621,8.468497,481,97595.688
shp_2_1,44.3009,8.468723,482,97631.391
shp_2_1,44.301182,8.468911,483,97666.18
shp_2_1,44.301479,8.469075,484,97701.977
shp_2_1,44.30175,8.469194,485,97733.742
shp_2_1,44.302109,8.469314,486,97774.438
shp_2_1,44.304176,8.469835,487,98008.461
shp_2_1,44.305061,8.470069,488,98108.898
shp_2_1,44.305428,8.470156,489,98149.938
shp_2_1,44.305698,8.470212,490,98180.391
shp_2_1,44.306034,8.470244,491,98217.867
shp_2_1,44.306511,8.470263,492,98271.055
shp_2_1,44.307259,8.470264,493,98354.18
shp_2_1,44.307259,8.470264,494,98354.18
shp_2_1,44.309258,8.470292,495,98576.82
shp_2_1,44.311005,8.470286,496,98771.25
shp_2_1,44.311382,8.470303,497,98813.359
shp_2_1,44.312534,8.470384,498,98941.977
shp_2_1,44.312881,8.470429,499,98980.609
shp_2_1,44.313576,8.470561,500,99058.867
shp_2_1,44.314301,8.470736,501,99140.57
shp_2_1,44.315956,8.471085,502,99326.859
shp_2_1,44.318962,8.471658,503,99664.797
shp_2_1,44.319286,8.471733,504,99701.086
shp_2_1,44.319736,8.471868,505,99752.609
shp_2_1,44.320087,8.471998,506,99792.875
shp_2_1,44.320427,8.472149,507,99832.539
shp_2_1,44.320763,8.472309,508,99872.156
shp_2_1,44.321224,8.47258,509,99927.781
shp_2_1,44.321674,8.47287,510,99982.891
shp_2_1,44.322163,8.473217,511,100044.063
shp_2_1,44.322639,8.473629,512,100106.438
shp_2_1,44.323109,8.474088,513,100170.219
shp_2_1,44.323677,8.474697,514,100249.742
shp_2_1,44.324169,8.475265,515,100320.875
shp_2_1,44.324657,8.475897,516,100395.031
shp_2_1,44.325607,8.477236,517,100545.117
shp_2_1,44.326172,8.478134,518,100640.43
shp_2_1,44.326668,8.478987,519,100727.781
shp_2_1,44.327232,8.48,520,100830.109
shp_2_1,44.327885,8.481243,521,100952.961
shp_2_1,44.328396,8.482312,522,101055.195
shp_2_1,44.328861,8.483445,523,101159.445
shp_2_1,44.329273,8.484603,524,101262.281
shp_2_1,44.329685,8.485972,525,101380.563
shp_2_1,44.330055,8.487394,526,101501.023
shp_2_1,44.330437,8.488989,527,101635.016
shp_2_1,44.330784,8.490536,528,101764.047
shp_2_1,44.331547,8.494295,529,102075.227
shp_2_1,44.332153,8.497509,530,102339.945
shp_2_1,44.333344,8.50433,531,102898.914
shp_2_1,44.334488,8.511093,532,103452.273
shp_2_1,44.334625,8.51198,533,103524.594
shp_2_1,44.335526,8.517019,534,103938.211
shp_2_1,44.335796,8.518719,535,104076.813
shp_2_1,44.335865,8.51926,536,104120.57
shp_2_1,44.33593,8.519821,537,104165.797
shp_2_1,44.335983,8.520354,538,104208.664
shp_2_1,44.336021,8.520864,539,104249.5
shp_2_1,44.336048,8.521476,540,104298.32
shp_2_1,44.33606,8.521968,541,104337.523
shp_2_1,44.336052,8.523364,542,104448.656
shp_2_1,44.335918,8.526941,543,104733.852
shp_2_1,44.33593,8.527873,544,104808.086
shp_2_1,44.335987,8.528769,545,104879.648
shp_2_1,44.336067,8.529661,546,104951.281
shp_2_1,44.336174,8.5306,547,105026.906
shp_2_1,44.336292,8.531345,548,105087.813
shp_2_1,44.336426,8.532039,549,105144.891
shp_2_1,44.336582,8.532762,550,105205.039
shp_2_1,44.336784,8.533546,551,105271.422
shp_2_1,44.337002,8.534292,552,105335.531
shp_2_1,44.337189,8.534832,553,105383.375
shp_2_1,44.337456,8.535453,554,105441.07
shp_2_1,44.337662,8.535886,555,105482.336
shp_2_1,44.337894,8.536336,556,105526.656
shp_2_1,44.338264,8.536977,557,105592.117
shp_2_1,44.339005,8.538091,558,105713.422
shp_2_1,44.33976,8.539112,559,105830.148
shp_2_1,44.342487,8.542691,560,106246.703
shp_2_1,44.344761,8.545618,561,106590.555
shp_2_1,44.345329,8.546372,562,106677.961
shp_2_1,44.345627,8.546777,563,106723.961
shp_2_1,44.34594,8.547186,564,106771.875
shp_2_1,44.346539,8.548018,565,106865.813
shp_2_1,44.346733,8.548308,566,106897.492
shp_2_1,44.347538,8.549795,567,107045.906
shp_2_1,44.347828,8.550351,568,107100.781
shp_2_1,44.348095,8.550891,569,107152.906
shp_2_1,44.354359,8.562639,570,108319.336
shp_2_1,44.354904,8.563679,571,108422.047
shp_2_1,44.355465,8.564637,572,108520.539
shp_2_1,44.356602,8.566364,573,108707.617
shp_2_1,44.358147,8.568609,574,108955.336
shp_2_1,44.359287,8.570168,575,109132.945
shp_2_1,44.36055,8.571847,576,109326.914
shp_2_1,44.361729,8.573535,577,109514.586
shp_2_1,44.361919,8.573833,578,109546.469
shp_2_1,44.362247,8.574396,579,109604.422
shp_2_1,44.362644,8.575183000000001,580,109681.055
shp_2_1,44.363338,8.576596,581,109817.367
shp_2_1,44.364269,8.578681,582,110012.945
shp_2_1,44.365822,8.582216,583,110343.336
shp_2_1,44.36673,8.584484,584,110550.086
shp_2_1,44.367443,8.586419,585,110723.266
shp_2_1,44.368225,8.588632,586,110919.781
shp_2_1,44.368977,8.590837,587,111114.305
shp_2_1,44.369717,8.593155,588,111316.211
shp_2_1,44.370388,8.595419,589,111511.242
shp_2_1,44.371262,8.598637,590,111785.188
shp_2_1,44.371979,8.601538,591,112029.484
shp_2_1,44.372658,8.604686,592,112291.031
shp_2_1,44.373455,8.608566,593,112612.422
shp_2_1,44.374496,8.612987,594,112982.688
shp_2_1,44.375668,8.617102,595,113335.008
shp_2_1,44.376736,8.620317,596,113617.344
shp_2_1,44.377583,8.622651,597,113825.414
shp_2_1,44.378319,8.624453,598,113990.75
shp_2_1,44.379101,8.626214,599,114155.578
shp_2_1,44.381081,8.631039,600,114598.188
shp_2_1,44.381306,8.631573,601,114647.586
shp_2_1,44.381645,8.632278,602,114715.234
shp_2_1,44.382126,8.633171,603,114804.219
shp_2_1,44.382774,8.634217,604,114914.18
shp_2_1,44.382973,8.634505,605,114946.18
shp_2_1,44.383564,8.635276,606,115036.016
shp_2_1,44.383945,8.63575,607,115092.844
shp_2_1,44.384808,8.636768,608,115218.531
shp_2_1,44.385117,8.637081,609,115261.117
shp_2_1,44.385258,8.637249,610,115281.703
shp_2_1,44.385357,8.637351,611,115295.281
shp_2_1,44.386429,8.638611,612,115450.961
shp_2_1,44.387039,8.639359,613,115541.445
shp_2_1,44.387344,8.639748,614,115587.273
shp_2_1,44.387661,8.640187,615,115636.938
shp_2_1,44.387981,8.640654,616,115688.539
shp_2_1,44.388321,8.641188,617,115745.461
shp_2_1,44.388859,8.642076,618,115837.945
shp_2_1,44.389122,8.642553,619,115885.922
shp_2_1,44.390747,8.645799,620,116201.156
shp_2_1,44.391045,8.646417,621,116260.391
shp_2_1,44.391258,8.646897,622,116305.539
shp_2_1,44.39146,8.647372,623,116349.414
shp_2_1,44.391808,8.648239,624,116428.563
shp_2_1,44.392368,8.649817,625,116568.648
shp_2_1,44.392696,8.650778,626,116653.375
shp_2_1,44.393261,8.652502,627,116804.188
shp_2_1,44.395908,8.660948,628,117537.82
shp_2_1,44.396984,8.664511,629,117845.43
shp_2_1,44.397327,8.665568,630,117937.938
shp_2_1,44.397697,8.666531,631,118024.727
shp_2_1,44.400391,8.673229,632,118636.164
shp_2_1,44.400795,8.67416,633,118722.734
shp_2_1,44.401279,8.675123,634,118816.438
shp_2_1,44.401798,8.676139,635,118915.852
shp_2_1,44.402115,8.676692,636,118972.188
shp_2_1,44.402489,8.677308,637,119036.281
shp_2_1,44.402821,8.677823,638,119091.523
shp_2_1,44.403076,8.67817,639,119131.125
shp_2_1,44.403282,8.678487,640,119165.352
shp_2_1,44.403519,8.678826,641,119203.031
shp_2_1,44.403847,8.679275,642,119253.938
shp_2_1,44.404099,8.679576,643,119291.047
shp_2_1,44.404575,8.680162,644,119361.477
shp_2_1,44.405907,8.681757,645,119556.711
shp_2_1,44.406559,8.682616,646,119656.281
shp_2_1,44.407131,8.683515,647,119751.93
shp_2_1,44.407585,8.684277,648,119831.008
shp_2_1,44.408024,8.685084,649,119911.516
shp_2_1,44.408375,8.685825,650,119982.266
shp_2_1,44.408733,8.686677,651,120061.031
shp_2_1,44.409004,8.68741,652,120126.516
shp_2_1,44.409248,8.688179,653,120193.445
shp_2_1,44.409531,8.689228,654,120282.648
shp_2_1,44.413235,8.703922,655,121521.758
shp_2_1,44.413361,8.704365,656,121559.617
shp_2_1,44.413574,8.705052,657,121619.25
shp_2_1,44.413769,8.705637,658,121670.438
shp_2_1,44.414063,8.706438,659,121742.031
shp_2_1,44.41441,8.707311,660,121821.484
shp_2_1,44.415443,8.709984,661,122063.188
shp_2_1,44.415684,8.710706,662,122126.648
shp_2_1,44.41584,8.711284,663,122175.727
shp_2_1,44.415997,8.711932,664,122230.078
shp_2_1,44.416111,8.712582,665,122283.289
shp_2_1,44.416512,8.715188,666,122495.289
shp_2_1,44.417652,8.722261,667,123071.898
shp_2_1,44.417877,8.723278,668,123156.461
shp_2_1,44.417999,8.723683,669,123191.398
shp_2_1,44.418163,8.724129,670,123231.289
shp_2_1,44.418339,8.724519,671,123267.852
shp_2_1,44.418533,8.724885,672,123304.242
shp_2_1,44.418999,8.725663,673,123384.813
shp_2_1,44.423164,8.731674,674,124050.922
shp_2_1,44.423325,8.731935,675,124078.344
shp_2_1,44.423557,8.73235,676,124120.32
shp_2_1,44.423721,8.732672,677,124151.563
shp_2_1,44.426075,8.73781,678,124636.906
shp_2_1,44.427307,8.740666,679,124902.313
shp_2_1,44.428246,8.742599,680,125088.117
shp_2_1,44.428612,8.743376,681,125162.047
shp_2_1,44.428944,8.744203,682,125237.289
shp_2_1,44.429279,8.745254,683,125328.938
shp_2_1,44.429508,8.746159,684,125405.313
shp_2_1,44.429688,8.747161,685,125487.414
shp_2_1,44.429813,8.748119,686,125564.844
shp_2_1,44.429871,8.74878,687,125617.813
shp_2_1,44.42989,8.749162,688,125648.211
shp_2_1,44.429893,8.749475,689,125673.031
shp_2_1,44.429802,8.75117,690,125808.219
shp_2_1,44.429478,8.753765,691,126017.656
shp_2_1,44.429287,8.754932,692,126112.898
shp_2_1,44.429146,8.755664,693,126173.117
shp_2_1,44.428978,8.756375,694,126232.586
shp_2_1,44.428883,8.756746,695,126263.977
shp_2_1,44.428783,8.757109,696,126294.93
shp_2_1,44.428623,8.757636,697,126340.5
shp_2_1,44.428516,8.758019,698,126373.094
shp_2_1,44.428383,8.758687,699,126428.242
shp_2_1,44.428295,8.759263,700,126475.07
shp_2_1,44.428238,8.759977,701,126532.172
shp_2_1,44.428204,8.760774,702,126595.602
shp_2_1,44.428131,8.764003,703,126852.477
shp_2_1,44.428101,8.764494,704,126891.664
shp_2_1,44.427952,8.767774,705,127152.891
shp_2_1,44.427818,8.770612,706,127379.047
shp_2_1,44.427765,8.771358,707,127438.625
shp_2_1,44.427711,8.771889,708,127481.273
shp_2_1,44.42762,8.772545,709,127534.398
shp_2_1,44.427139,8.775282,710,127758.477
shp_2_1,44.427021,8.776103,711,127825.023
shp_2_1,44.426968,8.776566,712,127862.25
shp_2_1,44.426796,8.778687,713,128031.984
shp_2_1,44.426754,8.779097,714,128064.898
shp_2_1,44.426571,8.781253,715,128237.508
shp_2_1,44.426525,8.781631,716,128267.945
shp_2_1,44.426437,8.782243,717,128317.617
shp_2_1,44.426079,8.784501,718,128501.555
shp_2_1,44.425922,8.785587,719,128589.648
shp_2_1,44.42577,8.786767,720,128684.93
shp_2_1,44.425362,8.789186,721,128882.523
shp_2_1,44.424866,8.792226,722,129130.375
shp_2_1,44.424805,8.79277,723,129174.266
shp_2_1,44.424767,8.793195,724,129208.25
shp_2_1,44.424755,8.793575,725,129238.523
shp_2_1,44.424751,8.794155,726,129284.594
shp_2_1,44.424778,8.794654,727,129324.383
shp_2_1,44.4249,8.796256,728,129452.453
shp_2_1,44.424931,8.796821,729,129497.484
shp_2_1,44.424934,8.797259,730,129532.359
shp_2_1,44.424931,8.79755,731,129555.5
shp_2_1,44.424911,8.797942,732,129586.695
shp_2_1,44.42485,8.798588,733,129638.492
shp_2_1,44.424767,8.79914,734,129683.359
shp_2_1,44.423786,8.804733,735,130141.188
shp_2_1,44.423725,8.805473,736,130200.492
shp_2_1,44.423714,8.805799,737,130226.344
shp_2_1,44.423717,8.806227,738,130260.461
shp_2_1,44.423756,8.807079,739,130328.359
shp_2_1,44.423859,8.80772,740,130380.508
shp_2_1,44.424042,8.808729,741,130463.313
shp_2_1,44.424252,8.809489,742,130528.07
shp_2_1,44.424553,8.810296,743,130600.492
shp_2_1,44.424843,8.810991,744,130664.57
shp_2_1,44.425484,8.8124,745,130797.195
shp_2_1,44.425758,8.813127,746,130862.781
shp_2_1,44.42593,8.813684,747,130910.953
shp_2_1,44.426064,8.814219,748,130955.93
shp_2_1,44.426121,8.814521,749,130980.875
shp_2_1,44.426201,8.81508,750,131026.164
shp_2_1,44.426247,8.815476,751,131058.047
shp_2_1,44.426273,8.816083,752,131106.375
shp_2_1,44.426273,8.816415,753,131132.766
shp_2_1,44.426243,8.817369,754,131208.719
shp_2_1,44.42606,8.821436,755,131532.688
shp_2_1,44.425991,8.822561,756,131622.422
shp_2_1,44.425842,8.827192,757,131990.969
shp_2_1,44.425774,8.828366,758,132084.625
shp_2_1,44.425674,8.829271,759,132157.375
shp_2_1,44.424583,8.83649,760,132743.953
shp_2_1,44.424419,8.837834,761,132852.438
shp_2_1,44.424366,8.838912,762,132938.328
shp_2_1,44.424358,8.839366,763,132974.438
shp_2_1,44.424358,8.840486,764,133063.391
shp_2_1,44.424259,8.841514,765,133145.906
shp_2_1,44.424026,8.842581,766,133234.609
shp_2_1,44.42379,8.843498,767,133312.109
shp_2_1,44.423237,8.845085,768,133452.484
shp_2_1,44.423027,8.845745,769,133509.984
shp_2_1,44.422577,8.847349,770,133647.0
shp_2_1,44.422386,8.848067,771,133707.859
shp_2_1,44.422234,8.848723,772,133762.719
shp_2_1,44.422104,8.849353,773,133814.781
shp_2_1,44.421974,8.849943,774,133863.906
shp_2_1,44.421688,8.851145,775,133964.688
shp_2_1,44.421204,8.852727,776,134101.453
shp_2_1,44.421055,8.85325,777,134146.25
shp_2_1,44.420723,8.854473,778,134250.313
shp_2_1,44.420349,8.855786,779,134362.609
shp_2_1,44.420109,8.856606,780,134433.047
shp_2_1,44.419945,8.857022,781,134470.984
shp_2_1,44.419758,8.857389,782,134506.719
shp_2_1,44.41951,8.85779,783,134548.828
shp_2_1,44.419128,8.858285,784,134606.969
shp_2_1,44.4189,8.858512,785,134638.156
shp_2_1,44.418648,8.858715,786,134670.219
shp_2_1,44.418125,8.85903,787,134733.781
shp_2_1,44.41769,8.859228,788,134784.609
shp_2_1,44.417278,8.859437,789,134833.266
shp_2_1,44.416916,8.859667,790,134877.609
shp_2_1,44.41663,8.859902,791,134914.766
shp_2_1,44.416424,8.8601,792,134942.297
shp_2_1,44.416237,8.860313,793,134969.313
shp_2_1,44.415981,8.860659,794,135008.813
shp_2_1,44.415741,8.86102,795,135048.172
shp_2_1,44.415619,8.861263,796,135071.844
shp_2_1,44.415497,8.861531,797,135097.047
shp_2_1,44.415405,8.861775,798,135119.0
shp_2_1,44.415318,8.862041,799,135142.313
shp_2_1,44.415249,8.862292,800,135163.578
shp_2_1,44.415195,8.862534,801,135183.641
shp_2_1,44.41515,8.862788,802,135204.563
shp_2_1,44.41478,8.865019,803,135386.688
shp_2_1,44.41449,8.866801,804,135532.0
shp_2_1,44.413677,8.870171,805,135814.859
shp_2_1,44.413578,8.87075,806,135862.203
shp_2_1,44.413475,8.871727,807,135940.672
shp_2_1,44.413456,8.872061,808,135967.344
shp_2_1,44.41338,8.873763,809,136103.0
shp_2_1,44.413342,8.874127,810,136132.203
shp_2_1,44.413216,8.874971,811,136200.797
shp_2_1,44.413105,8.876076,812,136289.484
shp_2_1,44.413052,8.876802,813,136347.547
shp_2_1,44.412991,8.878802,814,136506.734
shp_2_1,44.412991,8.879435,815,136556.953
shp_2_1,44.413033,8.879773,816,136584.297
shp_2_1,44.413078,8.880053,817,136607.109
shp_2_1,44.413403,8.881389,818,136719.281
shp_2_1,44.413502,8.881774,819,136751.922
shp_2_1,44.413689,8.882676,820,136826.609
shp_2_1,44.413727,8.882958,821,136849.484
shp_2_1,44.413757,8.883313,822,136877.891
shp_2_1,44.413773,8.883624,823,136902.641
shp_2_1,44.413773,8.883925,824,136926.641
shp_2_1,44.413754,8.884306,825,136956.922
shp_2_1,44.413708,8.884689,826,136987.922
shp_2_1,44.413666,8.884911,827,137006.078
shp_2_1,44.413605,8.88518,828,137028.5
shp_2_1,44.413464,8.885633,829,137067.828
shp_2_1,44.412987,8.886794,830,137174.344
shp_2_1,44.412876,8.887044,831,137197.828
shp_2_1,44.412453,8.887833,832,137276.203
shp_2_1,44.412251,8.88819,833,137312.516
shp_2_1,44.411938,8.888699,834,137365.734
shp_2_1,44.411659,8.889198,835,137416.25
shp_2_1,44.411427,8.889657,836,137460.938
shp_2_1,44.411354,8.889817,837,137476.094
shp_2_1,44.411129,8.890368,838,137526.438
shp_2_1,44.410973,8.890805,839,137565.281
shp_2_1,44.410793,8.891358,840,137613.656
shp_2_1,44.410583,8.892087,841,137676.125
shp_2_1,44.409286,8.896029,842,138021.25
shp_2_1,44.409134,8.896563,843,138066.984
shp_2_1,44.409073,8.896826,844,138089.031
shp_2_1,44.409031,8.897049,845,138107.344
shp_2_1,44.40897,8.897497,846,138143.688
shp_2_1,44.408943,8.897802,847,138168.125
shp_2_1,44.408932,8.898016,848,138185.141
shp_2_1,44.408928,8.89843,849,138218.0
shp_2_1,44.408932,8.898636,850,138234.469
shp_2_1,44.408966,8.899078,851,138269.766
shp_2_1,44.408993,8.899292,852,138287.078
shp_2_1,44.409069,8.899692,853,138319.906
shp_2_1,44.40918,8.900121,854,138356.281
shp_2_1,44.409363,8.900629,855,138401.5
shp_2_1,44.409466,8.900885,856,138424.844
shp_2_1,44.413506,8.909909,857,139271.688
shp_2_1,44.413815,8.910625,858,139338.313
shp_2_1,44.414253,8.911696,859,139436.406
shp_2_1,44.414497,8.912261,860,139488.859
shp_2_1,44.414761,8.912764,861,139538.359
shp_2_1,44.414917,8.913025,862,139565.484
shp_2_1,44.415203,8.913444,863,139611.563
shp_2_1,44.416225,8.914831,864,139770.234
shp_2_1,44.416405,8.915106,865,139799.797
shp_2_1,44.416508,8.915305,866,139819.406
shp_2_1,44.416553,8.915409,867,139829.016
shp_2_1,44.41695,8.916478,868,139924.922
shp_2_1,44.41708,8.916884,869,139960.203
shp_2_1,44.417168,8.917214,870,139988.203
shp_2_1,44.417286,8.917593,871,140021.109
shp_2_1,44.417419,8.918139,872,140067.031
shp_2_1,44.417473,8.918491,873,140095.578
shp_2_1,44.417503,8.918858,874,140124.953
shp_2_1,44.417526,8.919311,875,140161.047
shp_2_1,44.417591,8.922299,876,140398.828
shp_2_1,44.417625,8.922669,877,140428.469
shp_2_1,44.417629,8.923372,878,140484.375
shp_2_1,44.417664,8.922904,879,140521.875
shp_2_1,44.417675,8.922155,880,140581.406
shp_2_1,44.417652,8.920703,881,140696.922
shp_2_1,44.417652,8.920703,882,140696.922
shp_2_1,44.417622,8.919298,883,140808.703
shp_2_1,44.417591,8.918855,884,140844.109
shp_2_1,44.417553,8.918532,885,140870.016
shp_2_1,44.417519,8.918294,886,140889.406
shp_2_1,44.417435,8.917916,887,140920.859
shp_2_1,44.417339,8.917561,888,140951.141
shp_2_1,44.416973,8.916459,889,141047.641
shp_2_1,44.416866,8.915997,890,141086.328
shp_2_1,44.416756,8.915649,891,141116.594
shp_2_1,44.416702,8.915458,892,141132.891
shp_2_1,44.416592,8.914956,893,141174.625
shp_2_1,44.416519,8.91455,894,141207.938
shp_2_1,44.416485,8.914277,895,141229.938
shp_2_1,44.416443,8.913808,896,141267.609
shp_2_1,44.416405,8.913266,897,141310.859
shp_2_1,44.416401,8.912723,898,141354.047
shp_2_1,44.41642,8.91215,899,141399.625
shp_2_1,44.41647,8.911587,900,141444.766
shp_2_1,44.41655,8.91108,901,141485.969
shp_2_1,44.416668,8.91045,902,141537.797
shp_2_1,44.416798,8.909935,903,141581.266
shp_2_1,44.416931,8.90951,904,141618.156
shp_2_1,44.417103,8.909018,905,141661.688
shp_2_1,44.417282,8.908554,906,141703.531
shp_2_1,44.41748,8.908151,907,141742.688
shp_2_1,44.417698,8.907772,908,141781.141
shp_2_1,44.417908,8.907439,909,141816.609
shp_2_1,44.41814,8.907123,910,141852.75
shp_2_1,44.418339,8.906889,911,141881.344
shp_2_1,44.418652,8.906543,912,141925.781
shp_2_1,44.418968,8.906241,913,141968.656
shp_2_1,44.419323,8.905967,914,142013.531
shp_2_1,44.419758,8.905684,915,142066.844
shp_2_1,44.429829,8.89962,916,143287.391
shp_2_1,44.430553,8.899167,917,143375.813
shp_2_1,44.431087,8.898824,918,143441.25
shp_2_1,44.431671,8.898425,919,143513.328
shp_2_1,44.432217,8.898028,920,143581.906
shp_2_1,44.432686,8.897621,921,143643.266
shp_2_1,44.433483,8.896867,922,143750.469
shp_2_1,44.433929,8.896406,923,143812.031
shp_2_1,44.435352,8.894797,924,144015.609
shp_2_1,44.436062,8.89397,925,144118.313
shp_2_1,44.438702,8.890766,926,144507.266
shp_2_1,44.439053,8.89035,927,144558.5
shp_2_1,44.439339,8.890029,928,144599.297
shp_2_1,44.439617,8.889741,929,144637.719
shp_2_1,44.43988,8.889481,930,144673.703
shp_2_1,44.440178,8.88922,931,144712.891
shp_2_1,44.440792,8.888751,932,144790.563
shp_2_1,44.441158,8.888511,933,144835.766
shp_2_1,44.441578,8.888267,934,144886.203
shp_2_1,44.442024,8.888041,935,144939.125
shp_2_1,44.44239,8.887897,936,144981.594
shp_2_1,44.442772,8.887757,937,145025.172
shp_2_1,44.442993,8.887688,938,145050.438
shp_2_1,44.443253,8.887618,939,145079.859
shp_2_1,44.443588,8.88755,940,145117.656
shp_2_1,44.44455,8.887464,941,145224.906
shp_2_1,44.445816,8.887421,942,145365.906
shp_2_1,44.446941,8.887427,943,145491.234
shp_2_1,44.447472,8.887448,944,145550.078
shp_2_1,44.44809,8.887515,945,145619.375
shp_2_1,44.448612,8.887522,946,145677.5
shp_2_1,44.449718,8.887552,947,145800.438
shp_2_1,44.449905,8.887571,948,145821.531
shp_2_1,44.450115,8.887614,949,145845.016
shp_2_1,44.45034,8.887682,950,145870.859
shp_2_1,44.4505,8.887742,951,145889.25
shp_2_1,44.451233,8.88811,952,145975.75
shp_2_1,44.451553,8.888312,953,146015.0
shp_2_1,44.4519,8.888581,954,146059.188
shp_2_1,44.45253,8.889099,955,146140.484
shp_2_1,44.452793,8.889301,956,146173.672
shp_2_1,44.453896,8.890189,957,146315.313
shp_2_1,44.455223,8.891349,958,146489.578
shp_2_1,44.456852,8.892696,959,146699.906
shp_2_1,44.457893,8.893595,960,146836.016
shp_2_1,44.459137,8.894552,961,146994.016
shp_2_1,44.459557,8.894855,962,147046.734
shp_2_1,44.459942,8.89508,963,147093.109
shp_2_1,44.460136,8.895164,964,147115.75
shp_2_1,44.46035,8.895246,965,147140.578
shp_2_1,44.46067,8.895353,966,147177.063
shp_2_1,44.461063,8.89547,967,147221.688
shp_2_1,44.461514,8.895567,968,147272.375
shp_2_1,44.461971,8.895642,969,147323.719
shp_2_1,44.46244,8.895694,970,147376.172
shp_2_1,44.463058,8.895691,971,147445.109
shp_2_1,44.464291,8.895478,972,147583.281
shp_2_1,44.465321,8.895081,973,147702.031
shp_2_1,44.466415,8.894534,974,147831.453
shp_2_1,44.467705,8.894001,975,147981.25
shp_2_1,44.468254,8.893719,976,148046.406
shp_2_1,44.469406,8.893178,977,148181.813
shp_2_1,44.469685,8.893051,978,148214.094
shp_2_1,44.470234,8.892826,979,148278.031
shp_2_1,44.470795,8.892668,980,148341.469
shp_2_1,44.471233,8.892585,981,148390.75
shp_2_1,44.471668,8.892513,982,148439.531
shp_2_1,44.472298,8.892488,983,148509.547
shp_2_1,44.472664,8.892528,984,148550.703
shp_2_1,44.47303,8.892592,985,148591.781
shp_2_1,44.47337,8.892684,986,148630.156
shp_2_1,44.474331,8.893009,987,148740.313
shp_2_1,44.477051,8.89385,988,149050.297
shp_2_1,44.47802,8.894159,989,149160.781
shp_2_1,44.478924,8.894434,990,149264.0
shp_2_1,44.480347,8.894934,991,149427.063
shp_2_1,44.481842,8.895411,992,149597.984
shp_2_1,44.482674,8.895617,993,149691.891
shp_2_1,44.483044,8.895675,994,149733.516
shp_2_1,44.483627,8.89572,995,149798.422
shp_2_1,44.484287,8.895736,996,149872.109
shp_2_1,44.4897,8.895807,997,150474.594
shp_2_1,44.49081,8.89584,998,150598.047
shp_2_1,44.491177,8.895837,999,150638.953
shp_2_1,44.492649,8.895772,1000,150803.094
shp_2_1,44.49725,8.895915,1001,151315.016
shp_2_1,44.499207,8.895907,1002,151532.813
shp_2_1,44.499435,8.89593,1003,151558.578
shp_2_1,44.49963,8.895964,1004,151580.234
shp_2_1,44.499798,8.896008,1005,151599.313
shp_2_1,44.499931,8.896058,1006,151614.656
shp_2_1,44.500477,8.896312,1007,151678.734
shp_2_1,44.501148,8.896694,1008,151759.563
shp_2_1,44.50153,8.896962,1009,151806.75
shp_2_1,44.502892,8.8982,1010,151987.641
shp_2_1,44.504108,8.899265,1011,152147.109
shp_2_1,44.504337,8.899481,1012,152177.813
shp_2_1,44.504593,8.899755,1013,152213.906
shp_2_1,44.504799,8.899993,1014,152243.578
shp_2_1,44.505157,8.900474,1015,152298.766
shp_2_1,44.505283,8.900681,1016,152320.422
shp_2_1,44.505493,8.901109,1017,152361.594
shp_2_1,44.505638,8.901449,1018,152393.0
shp_2_1,44.506439,8.903821,1019,152601.297
shp_2_1,44.506657,8.904379,1020,152651.922
shp_2_1,44.506905,8.904897,1021,152701.234
shp_2_1,44.507133,8.905291,1022,152741.781
shp_2_1,44.508572,8.907439,1023,152975.672
shp_2_1,44.509487,8.908725,1024,153119.75
shp_2_1,44.510197,8.909545,1025,153222.359
shp_2_1,44.510448,8.909773,1026,153255.734
shp_2_1,44.510704,8.909962,1027,153287.594
shp_2_1,44.511219,8.910298,1028,153351.016
shp_2_1,44.511971,8.91062,1029,153438.578
shp_2_1,44.512356,8.910763,1030,153482.844
shp_2_1,44.512741,8.910852,1031,153526.391
shp_2_1,44.513214,8.91089,1032,153578.891
shp_2_1,44.513683,8.91087,1033,153631.313
shp_2_1,44.514149,8.910797,1034,153683.641
shp_2_1,44.514645,8.910668,1035,153739.656
shp_2_1,44.515137,8.910492,1036,153795.953
shp_2_1,44.516479,8.909955,1037,153951.5
shp_2_1,44.517639,8.909565,1038,154084.469
shp_2_1,44.517944,8.909498,1039,154118.781
shp_2_1,44.518234,8.90945,1040,154151.219
shp_2_1,44.518433,8.909452,1041,154173.5
shp_2_1,44.51886,8.909505,1042,154221.0
shp_2_1,44.519241,8.909606,1043,154264.234
shp_2_1,44.521976,8.910674,1044,154580.266
shp_2_1,44.523331,8.911271,1045,154738.516
shp_2_1,44.526104,8.912636,1046,155065.625
shp_2_1,44.52887,8.913947,1047,155390.594
shp_2_1,44.529354,8.91426,1048,155449.75
shp_2_1,44.529819,8.914603,1049,155508.25
shp_2_1,44.530392,8.915238,1050,155589.734
shp_2_1,44.530613,8.915565,1051,155625.391
shp_2_1,44.531231,8.916706,1052,155739.141
shp_2_1,44.531918,8.918074,1053,155871.75
shp_2_1,44.532536,8.919347,1054,155994.078
shp_2_1,44.533173,8.920424,1055,156105.203
shp_2_1,44.533543,8.920883,1056,156160.0
shp_2_1,44.53558,8.922733,1057,156430.125
shp_2_1,44.53582,8.922965,1058,156462.813
shp_2_1,44.536396,8.923481,1059,156538.813
shp_2_1,44.536823,8.923883,1060,156596.188
shp_2_1,44.536999,8.924089,1061,156621.719
shp_2_1,44.537251,8.924438,1062,156661.125
shp_2_1,44.537479,8.924811,1063,156700.203
shp_2_1,44.537636,8.925091,1064,156728.266
shp_2_1,44.537766,8.925351,1065,156753.484
shp_2_1,44.538017,8.925978,1066,156810.453
shp_2_1,44.538116,8.926283,1067,156837.234
shp_2_1,44.538204,8.926595,1068,156863.672
shp_2_1,44.538277,8.926918,1069,156890.672
shp_2_1,44.538723,8.929011,1070,157064.016
shp_2_1,44.538818,8.9294,1071,157096.703
shp_2_1,44.53894,8.929774,1072,157129.328
shp_2_1,44.539021,8.929979,1073,157147.797
shp_2_1,44.539154,8.930293,1074,157176.813
shp_2_1,44.539288,8.930568,1075,157203.219
shp_2_1,44.539509,8.930965,1076,157243.344
shp_2_1,44.539677,8.931231,1077,157271.484
shp_2_1,44.539871,8.931494,1078,157301.328
shp_2_1,44.539974,8.931623,1079,157316.719
shp_2_1,44.540199,8.931883,1080,157349.406
shp_2_1,44.540352,8.932035,1081,157370.047
shp_2_1,44.540653,8.932274,1082,157408.688
shp_2_1,44.541035,8.932539,1083,157456.109
shp_2_1,44.541512,8.93278,1084,157512.344
shp_2_1,44.542034,8.933003,1085,157573.453
shp_2_1,44.54266,8.933155,1086,157643.953
shp_2_1,44.547371,8.933518,1087,158169.016
shp_2_1,44.585754,8.936411,1088,162448.297
shp_2_1,44.587147,8.936588,1089,162603.672
shp_2_1,44.590191,8.937258,1090,162946.578
shp_2_1,44.59306,8.938335,1091,163277.484
shp_2_1,44.594463,8.939288,1092,163451.109
shp_2_1,44.608578,8.950139,1093,165241.953
shp_2_1,44.609268,8.950594,1094,165327.016
shp_2_1,44.609894,8.950886,1095,165400.438
shp_2_1,44.610676,8.951054,1096,165488.375
shp_2_1,44.611378,8.951077,1097,165566.813
shp_2_1,44.611958,8.950999,1098,165631.594
shp_2_1,44.61235,8.950852,1099,165676.656
shp_2_1,44.612518,8.950764,1100,165696.672
shp_2_1,44.612846,8.950542,1101,165737.219
shp_2_1,44.613247,8.950257,1102,165787.156
shp_2_1,44.613728,8.949883,1103,165848.438
shp_2_1,44.614605,8.949145,1104,165962.203
shp_2_1,44.617622,8.946832,1105,166344.875
shp_2_1,44.617821,8.946696,1106,166369.25
shp_2_1,44.618019,8.946581,1107,166393.172
shp_2_1,44.618229,8.946482,1108,166418.141
shp_2_1,44.618443,8.946404,1109,166442.406
shp_2_1,44.618618,8.946358,1110,166462.516
shp_2_1,44.61882,8.946323,1111,166485.203
shp_2_1,44.618992,8.946312,1112,166504.141
shp_2_1,44.61919,8.946317,1113,166526.469
shp_2_1,44.619366,8.946339,1114,166545.875
shp_2_1,44.61972,8.946404,1115,166585.844
shp_2_1,44.619999,8.946507,1116,166617.734
shp_2_1,44.620258,8.946563,1117,166647.156
shp_2_1,44.620602,8.946613,1118,166685.359
shp_2_1,44.621254,8.94667,1119,166758.188
shp_2_1,44.621918,8.946656,1120,166832.094
shp_2_1,44.622616,8.94656,1121,166910.25
shp_2_1,44.623417,8.946383,1122,167000.609
shp_2_1,44.624149,8.946056,1123,167085.828
shp_2_1,44.624844,8.945597,1124,167171.359
shp_2_1,44.625786,8.944763,1125,167295.344
shp_2_1,44.626736,8.943734,1126,167428.719
shp_2_1,44.627419,8.942974,1127,167525.875
shp_2_1,44.627628,8.942754,1128,167555.109
shp_2_1,44.627861,8.942526,1129,167586.609
shp_2_1,44.628094,8.942315,1130,167617.328
shp_2_1,44.628353,8.942102,1131,167650.656
shp_2_1,44.628613,8.941904,1132,167683.641
shp_2_1,44.628868,8.941723,1133,167715.531
shp_2_1,44.629131,8.941543,1134,167748.047
shp_2_1,44.630436,8.940686,1135,167908.375
shp_2_1,44.630692,8.940509,1136,167940.375
shp_2_1,44.630943,8.940313,1137,167972.328
shp_2_1,44.631214,8.940062,1138,168008.438
shp_2_1,44.65937,8.908885,1139,171998.422
shp_2_1,44.659912,8.908292,1140,172074.938
shp_2_1,44.660393,8.907709,1141,172145.438
shp_2_1,44.660843,8.90711,1142,172214.594
shp_2_1,44.661045,8.90681,1143,172247.219
shp_2_1,44.661419,8.906185,1144,172311.859
shp_2_1,44.661613,8.905828,1145,172347.672
shp_2_1,44.661808,8.905449,1146,172384.5
shp_2_1,44.661964,8.90511,1147,172416.5
shp_2_1,44.662136,8.904713,1148,172453.266
shp_2_1,44.662289,8.904323,1149,172488.672
shp_2_1,44.663685,8.900629,1150,172819.719
shp_2_1,44.663864,8.900204,1151,172858.844
shp_2_1,44.664043,8.899833,1152,172894.516
shp_2_1,44.664215,8.899508,1153,172926.484
shp_2_1,44.664402,8.899179,1154,172959.859
shp_2_1,44.664604,8.898856,1155,172993.938
shp_2_1,44.664764,8.898624,1156,173019.438
shp_2_1,44.664986,8.898346,1157,173052.516
shp_2_1,44.665756,8.897495,1158,173161.609
shp_2_1,44.66608,8.897176,1159,173205.844
shp_2_1,44.666496,8.896819,1160,173260.016
shp_2_1,44.666737,8.896639,1161,173290.375
shp_2_1,44.667004,8.896464,1162,173322.938
shp_2_1,44.667419,8.89623,1163,173373.047
shp_2_1,44.667812,8.896041,1164,173419.281
shp_2_1,44.668064,8.895935,1165,173448.234
shp_2_1,44.668308,8.895846,1166,173476.313
shp_2_1,44.66861,8.89576,1167,173510.781
shp_2_1,44.668884,8.895695,1168,173541.578
shp_2_1,44.669125,8.895651,1169,173568.766
shp_2_1,44.669491,8.89561,1170,173609.438
shp_2_1,44.669735,8.8956,1171,173636.75
shp_2_1,44.669979,8.895598,1172,173663.891
shp_2_1,44.670231,8.895608,1173,173691.75
shp_2_1,44.670494,8.895631,1174,173721.422
shp_2_1,44.670753,8.895668,1175,173750.188
shp_2_1,44.671074,8.895729,1176,173786.125
shp_2_1,44.671867,8.895947,1177,173876.344
shp_2_1,44.672428,8.896083,1178,173939.484
shp_2_1,44.672894,8.896178,1179,173991.922
shp_2_1,44.673199,8.896212,1180,174026.016
shp_2_1,44.673462,8.896218,1181,174055.531
shp_2_1,44.673805,8.896194,1182,174093.438
shp_2_1,44.67445,8.896114,1183,174165.594
shp_2_1,44.675903,8.895902,1184,174328.25
shp_2_1,44.681137,8.89511,1185,174914.328
shp_2_1,44.681713,8.895014,1186,174978.797
shp_2_1,44.68227,8.894948,1187,175040.906
shp_2_1,44.683266,8.894795,1188,175152.594
shp_2_1,44.683552,8.894743,1189,175184.625
shp_2_1,44.683777,8.894686,1190,175210.156
shp_2_1,44.684029,8.894606,1191,175238.875
shp_2_1,44.684284,8.894514,1192,175268.234
shp_2_1,44.684502,8.894419,1193,175293.781
shp_2_1,44.684704,8.89432,1194,175317.563
shp_2_1,44.684948,8.894187,1195,175346.766
shp_2_1,44.685574,8.893815,1196,175422.25
shp_2_1,44.68597,8.893545,1197,175471.281
shp_2_1,44.686272,8.893326,1198,175508.891
shp_2_1,44.686546,8.893105,1199,175544.125
shp_2_1,44.686813,8.892868,1200,175579.234
shp_2_1,44.687035,8.892646,1201,175609.672
shp_2_1,44.687286,8.89238,1202,175644.703
shp_2_1,44.687614,8.89201,1203,175691.656
shp_2_1,44.687923,8.891646,1204,175736.359
shp_2_1,44.688099,8.891458,1205,175761.031
shp_2_1,44.688709,8.890845,1206,175844.406
shp_2_1,44.690845,8.888067,1207,176168.359
shp_2_1,44.691177,8.887613,1208,176219.75
shp_2_1,44.691544,8.887053,1209,176279.922
shp_2_1,44.691986,8.886296,1210,176357.438
shp_2_1,44.693615,8.883409,1211,176649.391
shp_2_1,44.696819,8.877547,1212,177234.516
shp_2_1,44.697975,8.875457,1213,177443.859
shp_2_1,44.698811,8.873975,1214,177593.656
shp_2_1,44.699741,8.872367,1215,177757.844
shp_2_1,44.700195,8.871655,1216,177833.375
shp_2_1,44.700695,8.870973,1217,177911.0
shp_2_1,44.701065,8.870506,1218,177966.125
shp_2_1,44.701214,8.870329,1219,177987.813
shp_2_1,44.701756,8.86975,1220,178063.813
shp_2_1,44.705238,8.866664,1221,178521.734
shp_2_1,44.705776,8.86622,1222,178591.266
shp_2_1,44.706207,8.865914,1223,178644.922
shp_2_1,44.706676,8.865623,1224,178702.016
shp_2_1,44.707119,8.865395,1225,178754.656
shp_2_1,44.707642,8.86517,1226,178815.188
shp_2_1,44.708199,8.864979,1227,178879.063
shp_2_1,44.708717,8.864852,1228,178937.672
shp_2_1,44.70932,8.86475,1229,179005.25
shp_2_1,44.709667,8.864715,1230,179044.344
shp_2_1,44.713032,8.864498,1231,179419.063
shp_2_1,44.713562,8.864471,1232,179477.969
shp_2_1,44.713879,8.864445,1233,179513.594
shp_2_1,44.714504,8.86443,1234,179582.984
shp_2_1,44.714981,8.864444,1235,179636.297
shp_2_1,44.715374,8.864474,1236,179680.0
shp_2_1,44.71582,8.864526,1237,179729.75
shp_2_1,44.716331,8.864618,1238,179787.125
shp_2_1,44.716816,8.864718,1239,179841.594
shp_2_1,44.71735,8.864841,1240,179902.0
shp_2_1,44.71983,8.86538,1241,180181.141
shp_2_1,44.723392,8.866182,1242,180583.125
shp_2_1,44.734489,8.86865,1243,181833.516
shp_2_1,44.734962,8.868735,1244,181886.609
shp_2_1,44.735519,8.868814,1245,181949.109
shp_2_1,44.73621,8.868849,1246,182025.75
shp_2_1,44.737057,8.868863,1247,182120.344
shp_2_1,44.737537,8.868834,1248,182173.844
shp_2_1,44.737999,8.868784,1249,182225.141
shp_2_1,44.738415,8.868729,1250,182271.719
shp_2_1,44.738728,8.868676,1251,182306.969
shp_2_1,44.739178,8.868579,1252,182357.594
shp_2_1,44.739655,8.868463,1253,182411.313
shp_2_1,44.740059,8.868339,1254,182457.469
shp_2_1,44.740559,8.868172,1255,182514.641
shp_2_1,44.741024,8.867981,1256,182568.547
shp_2_1,44.741592,8.867728,1257,182634.938
shp_2_1,44.741985,8.86754,1258,182681.141
shp_2_1,44.74279,8.867103,1259,182777.188
shp_2_1,44.743881,8.866451,1260,182909.016
shp_2_1,44.745373,8.86558,1261,183088.938
shp_2_1,44.756088,8.858967,1262,184391.188
shp_2_1,44.756824,8.858589,1263,184478.344
shp_2_1,44.757492,8.85837,1264,184554.906
shp_2_1,44.758102,8.858224,1265,184623.797
shp_2_1,44.75864,8.858136,1266,184684.109
shp_2_1,44.759029,8.858088,1267,184727.266
shp_2_1,44.759541,8.858068,1268,184784.375
shp_2_1,44.760056,8.858075,1269,184841.734
shp_2_1,44.760521,8.858123,1270,184893.641
shp_2_1,44.760998,8.858211,1271,184947.391
shp_2_1,44.761349,8.858296,1272,184986.75
shp_2_1,44.761841,8.858459999999999,1273,185043.266
shp_2_1,44.762314,8.858665,1274,185098.391
shp_2_1,44.762623,8.858819,1275,185134.531
shp_2_1,44.76519,8.86021,1276,185440.781
shp_2_1,44.7715,8.863747,1277,186196.766
shp_2_1,44.772469,8.864279,1278,186312.781
shp_2_1,44.773006,8.864517,1279,186375.234
shp_2_1,44.773499,8.864708,1280,186432.078
shp_2_1,44.773964,8.864848,1281,186485.406
shp_2_1,44.774559000000004,8.864992,1282,186552.234
shp_2_1,44.77507,8.86507,1283,186609.641
shp_2_1,44.775673,8.865127,1284,186676.766
shp_2_1,44.77618,8.865133,1285,186733.375
shp_2_1,44.776779,8.865101,1286,186800.109
shp_2_1,44.77729,8.865046,1287,186857.0
shp_2_1,44.777981,8.864983,1288,186934.234
shp_2_1,44.788021,8.863935,1289,188054.953
shp_2_1,44.788574,8.863894,1290,188116.766
shp_2_1,44.789101,8.863887,1291,188175.047
shp_2_1,44.789818,8.863922,1292,188255.125
shp_2_1,44.790398,8.863983,1293,188320.0
shp_2_1,44.792713,8.864179,1294,188578.063
shp_2_1,44.793343,8.864194,1295,188648.281
shp_2_1,44.79401,8.864161,1296,188722.5
shp_2_1,44.79454,8.864088,1297,188781.641
shp_2_1,44.79501,8.863968,1298,188835.063
shp_2_1,44.795391,8.863853,1299,188878.313
shp_2_1,44.796001,8.863622,1300,188948.578
shp_2_1,44.796547,8.863358,1301,189012.969
shp_2_1,44.810848,8.855494,1302,190721.828
shp_2_1,44.811596,8.8551,1303,190810.453
shp_2_1,44.81216,8.854818,1304,190877.438
shp_2_1,44.812679,8.854599,1305,190937.641
shp_2_1,44.813126,8.854451,1306,190988.688
shp_2_1,44.813732,8.854303,1307,191056.953
shp_2_1,44.814285,8.854221,1308,191119.016
shp_2_1,44.814846,8.854177,1309,191181.672
shp_2_1,44.816124,8.854102,1310,191324.109
shp_2_1,44.818264,8.854009,1311,191562.453
shp_2_1,44.818707,8.853983,1312,191611.516
shp_2_1,44.819283,8.853933,1313,191676.031
shp_2_1,44.819767,8.853862,1314,191730.266
shp_2_1,44.820232,8.853751,1315,191782.641
shp_2_1,44.820724,8.853609,1316,191838.344
shp_2_1,44.821224,8.853427,1317,191895.813
shp_2_1,44.821732,8.853199,1318,191955.438
shp_2_1,44.825912,8.851125,1319,192448.781
shp_2_1,44.826363,8.850914,1320,192501.516
shp_2_1,44.826855,8.850719,1321,192558.359
shp_2_1,44.827267,8.850588,1322,192605.219
shp_2_1,44.827797,8.850451,1323,192665.281
shp_2_1,44.828285,8.850377,1324,192720.141
shp_2_1,44.828876,8.850351,1325,192785.844
shp_2_1,44.829388,8.850369,1326,192842.766
shp_2_1,44.830101,8.850445,1327,192922.297
shp_2_1,44.841705,8.852085,1328,194220.906
shp_2_1,44.846107,8.852699,1329,194713.188
shp_2_1,44.853844,8.85381,1330,195578.969
shp_2_1,44.854492,8.853891,1331,195651.391
shp_2_1,44.85498,8.853934,1332,195705.688
shp_2_1,44.85556,8.853938,1333,195770.094
shp_2_1,44.856186,8.853933,1334,195840.063
shp_2_1,44.856861,8.853913,1335,195915.234
shp_2_1,44.864166,8.853599,1336,196728.563
shp_2_1,44.868603,8.85342,1337,197222.609
shp_2_1,44.868984,8.853394,1338,197265.047
shp_2_1,44.869446,8.853386,1339,197316.438
shp_2_1,44.877529,8.853054,1340,198216.875
shp_2_1,44.878723,8.852996,1341,198349.75
shp_2_1,44.881809,8.852871,1342,198693.719
shp_2_1,44.883877,8.852798,1343,198923.813
shp_2_1,44.890057,8.852535,1344,199611.969
shp_2_1,44.890617,8.85252,1345,199674.391
shp_2_1,44.891075,8.852551,1346,199725.484
shp_2_1,44.891567,8.852624,1347,199780.625
shp_2_1,44.891983,8.852709,1348,199827.234
shp_2_1,44.892441,8.852851,1349,199879.453
shp_2_1,44.892891,8.853023,1350,199931.547
shp_2_1,44.893353,8.853225,1351,199985.141
shp_2_1,44.893826,8.853489,1352,200041.859
shp_2_1,44.894512,8.853928,1353,200125.828
shp_2_1,44.894833,8.854157,1354,200165.578
shp_2_1,44.895306,8.854558,1355,200227.109
shp_2_1,44.895615,8.854855,1356,200268.563
shp_2_1,44.896046,8.855305,1357,200328.391
shp_2_1,44.896309,8.855631,1358,200367.453
shp_2_1,44.89661,8.856016,1359,200412.516
shp_2_1,44.896931,8.856483,1360,200463.891
shp_2_1,44.897713,8.857702,1361,200593.453
shp_2_1,44.898708,8.859493,1362,200773.109
shp_2_1,44.899551,8.860946,1363,200921.281
shp_2_1,44.901489,8.864409,1364,201269.234
shp_2_1,44.902092,8.865531,1365,201380.125
shp_2_1,44.902172,8.86567,1366,201394.484
shp_2_1,44.90239,8.865989,1367,201429.328
shp_2_1,44.902493,8.866151,1368,201446.313
shp_2_1,44.903183,8.867472,1369,201575.875
shp_2_1,44.903595,8.868237,1370,201651.563
shp_2_1,44.9039,8.868766,1371,201705.469
shp_2_1,44.904369,8.86948,1372,201782.266
shp_2_1,44.905159,8.870636,1373,201908.922
shp_2_1,44.90649,8.872557,1374,202120.875
shp_2_1,44.907333,8.873701,1375,202251.047
shp_2_1,44.908241,8.874873,1376,202387.781
shp_2_1,44.908756,8.875511,1377,202464.109
shp_2_1,44.90918,8.87602,1378,202526.125
shp_2_1,44.910217,8.87722,1379,202675.234
shp_2_1,44.911171,8.878259,1380,202809.406
shp_2_1,44.916431,8.883648,1381,203532.813
shp_2_1,44.921532,8.888763,1382,204229.172
shp_2_1,44.926464,8.89375,1383,204904.594
shp_2_1,44.931355,8.898734,1384,205575.891
shp_2_1,44.936527,8.903956,1385,206283.688
shp_2_1,44.954037,8.921699,1386,208682.078
shp_2_1,44.95533,8.923035,1387,208860.656
shp_2_1,44.956955,8.924678,1388,209083.109
shp_2_1,44.958248,8.926001,1389,209260.844
shp_2_1,44.959553,8.927319,1390,209439.375
shp_2_1,44.960526,8.928277,1391,209571.391
shp_2_1,44.962055,8.929815,1392,209780.125
shp_2_1,44.962437,8.930217,1393,209833.297
shp_2_1,44.963718,8.931519,1394,210008.688
shp_2_1,44.965027,8.932805,1395,210186.25
shp_2_1,44.965439,8.933237,1396,210243.359
shp_2_1,44.965824,8.933699,1397,210299.766
shp_2_1,44.966221,8.934208,1398,210359.203
shp_2_1,44.966694,8.934911,1399,210435.594
shp_2_1,44.96701,8.935443,1400,210490.422
shp_2_1,44.967323,8.936015,1401,210547.422
shp_2_1,44.967743,8.93685,1402,210628.016
shp_2_1,44.968952,8.939451,1403,210873.203
shp_2_1,44.972919,8.947831,1404,211667.266
shp_2_1,44.973011,8.948009,1405,211684.516
shp_2_1,44.974407,8.950962,1406,211964.391
shp_2_1,44.977455,8.957419,1407,212575.719
shp_2_1,44.979752,8.962299,1408,213037.063
shp_2_1,44.980927,8.964759,1409,213270.953
shp_2_1,44.985176,8.973794,1410,214125.156
shp_2_1,44.986557,8.976686,1411,214399.844
shp_2_1,44.988007,8.979777,1412,214691.969
shp_2_1,44.98951,8.982946,1413,214992.422
shp_2_1,44.990326,8.984703,1414,215157.875
shp_2_1,44.993252,8.990896,1415,215744.25
shp_2_1,44.993572,8.991631,1416,215812.031
shp_2_1,44.99469,8.994364,1417,216060.703
shp_2_1,44.995102,8.995439,1418,216156.813
shp_2_1,44.995232,8.995823,1419,216190.484
shp_2_1,44.995567,8.996887,1420,216282.109
shp_2_1,44.995968,8.998282,1421,216400.703
shp_2_1,44.996181,8.999044,1422,216465.125
shp_2_1,44.996372,8.99985,1423,216532.031
shp_2_1,44.997246,9.004067,1424,216877.969
shp_2_1,44.997368,9.004755,1425,216933.859
shp_2_1,44.9977,9.006344,1426,217064.219
shp_2_1,44.997925,9.007538,1427,217161.453
shp_2_1,44.997986,9.007912,1428,217191.688
shp_2_1,44.997986,9.007912,1429,217191.688
shp_2_1,44.998608,9.011744,1430,217501.188
shp_2_1,44.998699,9.012343,1431,217549.484
shp_2_1,44.99881,9.013143,1432,217613.547
shp_2_1,44.998978,9.014555,1433,217726.344
shp_2_1,44.999058,9.015114,1434,217771.234
shp_2_1,44.99947,9.017644,1435,217975.641
shp_2_1,44.99955,9.018032,1436,218007.375
shp_2_1,44.999641,9.018398,1437,218038.031
shp_2_1,44.999752,9.018763,1438,218069.234
shp_2_1,44.999866,9.019065,1439,218096.219
shp_2_1,45.000011,9.019384,1440,218126.031
shp_2_1,45.000145,9.019647,1441,218151.484
shp_2_1,45.000324,9.019959,1442,218183.125
shp_2_1,45.000568,9.020318,1443,218222.203
shp_2_1,45.000801,9.020598,1444,218256.391
shp_2_1,45.000996,9.020797,1445,218283.188
shp_2_1,45.001286,9.021069,1446,218321.875
shp_2_1,45.001522,9.021248,1447,218351.688
shp_2_1,45.001839,9.021451,1448,218390.516
shp_2_1,45.002472,9.021838,1449,218467.078
shp_2_1,45.002811,9.022069,1450,218509.203
shp_2_1,45.003136,9.022306,1451,218549.922
shp_2_1,45.003666,9.022717,1452,218617.031
shp_2_1,45.003948,9.022981,1453,218654.734
shp_2_1,45.007526,9.026561,1454,219142.75
shp_2_1,45.014572,9.033635,1455,220104.484
shp_2_1,45.020889,9.039967,1456,220966.25
shp_2_1,45.022007,9.04107,1457,221118.016
shp_2_1,45.032696,9.051808,1458,222577.281
shp_2_1,45.037415,9.056521,1459,223220.094
shp_2_1,45.041161,9.060286,1460,223731.641
shp_2_1,45.042412,9.061531,1461,223902.125
shp_2_1,45.043365,9.062498,1462,224032.594
shp_2_1,45.044067,9.06319,1463,224127.734
shp_2_1,45.048805,9.067952,1464,224774.656
shp_2_1,45.049324,9.068498,1465,224846.781
shp_2_1,45.054077,9.073277,1466,225495.594
shp_2_1,45.055325,9.074471,1467,225663.359
shp_2_1,45.058567,9.078134,1468,226124.891
shp_2_1,45.061844,9.081967,1469,226598.375
shp_2_1,45.064106,9.084622,1470,226925.297
shp_2_1,45.066673,9.087609,1471,227295.328
shp_2_1,45.068237,9.089442,1472,227521.328
shp_2_1,45.074432,9.096666,1473,228414.688
shp_2_1,45.079185,9.102279,1474,229103.531
shp_2_1,45.084972,9.109076,1475,229940.625
shp_2_1,45.086292,9.110652,1476,230132.75
shp_2_1,45.087738,9.112301,1477,230339.328
shp_2_1,45.088493,9.11307,1478,230442.906
shp_2_1,45.089252,9.113744,1479,230542.484
shp_2_1,45.089916,9.114235,1480,230625.813
shp_2_1,45.090199,9.114436,1481,230661.078
shp_2_1,45.090935,9.114912,1482,230751.281
shp_2_1,45.091568,9.115245,1483,230826.328
shp_2_1,45.092022,9.115448,1484,230879.281
shp_2_1,45.092796,9.115746,1485,230968.641
shp_2_1,45.093498,9.11596,1486,231048.656
shp_2_1,45.094151,9.116104,1487,231122.047
shp_2_1,45.094799,9.116223,1488,231194.828
shp_2_1,45.095478,9.116275,1489,231270.563
shp_2_1,45.096115,9.116294,1490,231341.609
shp_2_1,45.096916,9.116257,1491,231430.953
shp_2_1,45.097916,9.116126,1492,231542.688
shp_2_1,45.103039,9.115391,1493,232115.609
shp_2_1,45.103424,9.115349,1494,232158.641
shp_2_1,45.11026,9.114378,1495,232923.469
shp_2_1,45.110966,9.114264,1496,233002.578
shp_2_1,45.111706,9.114169,1497,233085.219
shp_2_1,45.123962,9.112395,1498,234456.984
shp_2_1,45.12566,9.112211,1499,234646.281
shp_2_1,45.128853,9.112082,1500,235002.172
shp_2_1,45.13121,9.112209,1501,235264.406
shp_2_1,45.132992,9.112434,1502,235463.859
shp_2_1,45.136021,9.11308,1503,235804.688
shp_2_1,45.162495,9.119745,1504,238797.969
shp_2_1,45.163513,9.120067,1505,238913.875
shp_2_1,45.16465,9.120471,1506,239044.484
shp_2_1,45.165764,9.120906,1507,239173.125
shp_2_1,45.166695,9.121322,1508,239281.641
shp_2_1,45.16753,9.121731,1509,239380.188
shp_2_1,45.168667,9.122348,1510,239515.5
shp_2_1,45.170345,9.123354,1511,239718.438
shp_2_1,45.172215,9.124637,1512,239949.422
shp_2_1,45.172855,9.125098,1513,240029.422
shp_2_1,45.17347,9.125601,1514,240108.359
shp_2_1,45.174438,9.126438,1515,240235.0
shp_2_1,45.176083,9.127978,1516,240454.25
shp_2_1,45.176914,9.128793,1517,240566.828
shp_2_1,45.18158,9.133748,1518,241215.359
shp_2_1,45.182438,9.134577,1519,241330.953
shp_2_1,45.184971,9.13696,1520,241669.25
shp_2_1,45.185143,9.137141,1521,241693.219
shp_2_1,45.185322,9.137341,1522,241718.5
shp_2_1,45.185524,9.137587,1523,241748.047
shp_2_1,45.185711,9.137836,1524,241776.719
shp_2_1,45.185871,9.13807,1525,241802.422
shp_2_1,45.186214,9.138609,1526,241859.203
shp_2_1,45.186367,9.138877,1527,241886.375
shp_2_1,45.186527,9.139172,1528,241915.453
shp_2_1,45.186665,9.139465,1529,241943.281
shp_2_1,45.186871,9.139943,1530,241987.031
shp_2_1,45.187176,9.140791,1531,242061.781
shp_2_1,45.187431,9.141528,1532,242126.391
shp_2_1,45.187576,9.141917,1533,242160.859
shp_2_1,45.187778,9.142357,1534,242202.109
shp_2_1,45.187878,9.142602,1535,242224.125
shp_2_1,45.187977,9.142802,1536,242243.438
shp_2_1,45.188049,9.142928,1537,242256.031
shp_2_1,45.188274,9.143275,1538,242293.172
shp_2_1,45.188549,9.143728,1539,242340.172
shp_2_1,45.189743,9.145771,1540,242548.359
shp_2_1,45.18988,9.145969,1541,242570.063
shp_2_1,45.190182,9.146339,1542,242614.344
shp_2_1,45.190182,9.146339,1543,242614.344
shp_2_1,45.190575,9.146818,1544,242671.938
shp_2_1,45.190735,9.147052,1545,242697.688
shp_2_1,45.190918,9.147288,1546,242725.094
shp_2_1,45.191288,9.147717,1547,242778.5
shp_2_1,45.192116,9.148731,1548,242900.094
shp_2_1,45.192665,9.149394,1549,242980.406
shp_2_1,45.193176,9.149989,1550,243054.125
shp_2_1,45.193336,9.150152,1551,243075.969
shp_2_1,45.19355,9.150341,1552,243104.016
shp_2_1,45.193954,9.150784,1553,243160.75
shp_2_1,45.194214,9.150994,1554,243194.172
shp_2_1,45.194996,9.151438,1555,243287.922
shp_2_1,45.195457,9.151662,1556,243341.984
shp_2_1,45.195938,9.151803,1557,243396.797
shp_2_1,45.196289,9.151845,1558,243436.156
shp_2_1,45.196754,9.151868,1559,243488.0
shp_2_1,45.197224,9.151813,1560,243540.375
shp_2_1,45.198017,9.151611,1561,243630.047
shp_2_1,45.198547,9.151404,1562,243690.984
shp_2_1,45.200077,9.150831,1563,243867.359
shp_2_1,45.201286,9.150366,1564,244006.859
shp_2_1,45.20295,9.149774,1565,244197.797
shp_2_1,45.203236,9.149692,1566,244230.344
shp_2_1,45.203529,9.149622,1567,244263.281
shp_2_1,45.204132,9.149545,1568,244330.5
shp_2_1,45.204712,9.149511,1569,244395.391
shp_2_1,45.205025,9.149522,1570,244430.297
shp_2_1,45.205425,9.149546,1571,244474.672
shp_2_1,45.205776,9.149598,1572,244513.813
shp_2_1,45.207428,9.149965,1573,244700.203
shp_2_1,45.208134,9.150052,1574,244779.156
shp_2_1,45.214935,9.150665,1575,245537.656
shp_2_1,45.230503,9.15202,1576,247273.813
shp_2_1,45.232094,9.152147,1577,247451.375
shp_2_1,45.236252,9.152505,1578,247915.172
shp_2_1,45.237759,9.152642,1579,248083.031
shp_2_1,45.243137,9.153099,1580,248682.906
shp_2_1,45.245396,9.153303,1581,248934.594
shp_2_1,45.246758,9.153408,1582,249086.672
shp_2_1,45.255733,9.154195,1583,250087.5
shp_2_1,45.256184,9.154269,1584,250138.266
shp_2_1,45.256851,9.154409,1585,250213.125
shp_2_1,45.257187,9.154502,1586,250251.484
shp_2_1,45.257504,9.154621,1587,250287.625
shp_2_1,45.258068,9.154876,1588,250353.641
shp_2_1,45.258549,9.155136,1589,250410.891
shp_2_1,45.260651,9.156333,1590,250663.188
shp_2_1,45.264565,9.158599,1591,251133.391
shp_2_1,45.269085,9.16118,1592,251676.031
shp_2_1,45.271111,9.16235,1593,251919.344
shp_2_1,45.272315999999996,9.163026,1594,252063.578
shp_2_1,45.286572,9.1712,1595,253774.844
shp_2_1,45.29921,9.178464,1596,255292.469
shp_2_1,45.311817,9.185677,1597,256804.875
shp_2_1,45.323074,9.192151,1598,258156.891
shp_2_1,45.331882,9.197194,1599,259213.656
shp_2_1,45.333252,9.198053,1600,259380.313
shp_2_1,45.333641,9.198318,1601,259428.516
shp_2_1,45.334019,9.198595,1602,259475.594
shp_2_1,45.334759,9.199186,1603,259570.25
shp_2_1,45.336117,9.200402,1604,259748.766
shp_2_1,45.337482,9.201601,1605,259927.359
shp_2_1,45.344559,9.207884,1606,260855.906
shp_2_1,45.346024,9.209166,1607,261047.344
shp_2_1,45.346447,9.209522,1608,261102.125
shp_2_1,45.347099,9.210135,1609,261189.359
shp_2_1,45.349186,9.211987,1610,261462.922
shp_2_1,45.354065,9.216303,1611,262102.531
shp_2_1,45.358768,9.220507,1612,262720.781
shp_2_1,45.36256,9.223842,1613,263216.969
shp_2_1,45.365353,9.226356,1614,263584.844
shp_2_1,45.366177,9.227062,1615,263691.781
shp_2_1,45.366798,9.227548,1616,263771.031
shp_2_1,45.367207,9.22782,1617,263821.188
shp_2_1,45.367607,9.228059,1618,263869.313
shp_2_1,45.368187,9.228332,1619,263937.25
shp_2_1,45.368748,9.228571,1620,264002.5
shp_2_1,45.369095,9.228675,1621,264042.031
shp_2_1,45.369427,9.228763,1622,264079.563
shp_2_1,45.370094,9.228898,1623,264154.781
shp_2_1,45.373486,9.229499,1624,264535.219
shp_2_1,45.376156,9.229957,1625,264834.719
shp_2_1,45.376766,9.230074,1626,264902.938
shp_2_1,45.384987,9.231548,1627,265825.531
shp_2_1,45.387192,9.231952,1628,266073.0
shp_2_1,45.390213,9.232474,1629,266411.906
shp_2_1,45.392788,9.232949,1630,266700.719
shp_2_1,45.395554,9.233447,1631,267011.344
shp_2_1,45.396931,9.233729,1632,267166.063
shp_2_1,45.397598,9.233926,1633,267242.031
shp_2_1,45.398258,9.234137,1634,267317.375
shp_2_1,45.398769,9.234335,1635,267376.344
shp_2_1,45.399246,9.234549,1636,267431.938
shp_2_1,45.399933,9.234891,1637,267512.969
shp_2_1,45.400593,9.235241,1638,267591.375
shp_2_1,45.401165,9.235598,1639,267660.656
shp_2_1,45.401703,9.235952,1640,267726.625
shp_2_1,45.402264,9.236373,1641,267797.438
shp_2_1,45.402786,9.236779,1642,267863.781
shp_2_1,45.40361,9.237508,1643,267971.563
shp_2_1,45.404705,9.238526,1644,268117.281
shp_2_1,45.406445,9.240239,1645,268352.719
shp_2_1,45.408195,9.241942,1646,268588.719
shp_2_1,45.409172,9.242871,1647,268719.188
shp_2_1,45.409679,9.243305,1648,268785.0
shp_2_1,45.410183,9.243692,1649,268848.969
shp_2_1,45.410831,9.244106,1650,268927.844
shp_2_1,45.411293,9.244367,1651,268983.406
shp_2_1,45.411747,9.244593,1652,269036.813
shp_2_1,45.412563,9.244919,1653,269131.094
shp_2_1,45.412895,9.245011,1654,269168.813
shp_2_1,45.413345,9.245122,1655,269219.594
shp_2_1,45.413979,9.245237,1656,269290.656
shp_2_1,45.414436,9.245279,1657,269341.969
shp_2_1,45.415726,9.245348,1658,269485.563
shp_2_1,45.420582,9.245535,1659,270026.438
shp_2_1,45.421021,9.245514,1660,270075.094
shp_2_1,45.421253,9.245484,1661,270100.969
shp_2_1,45.421619,9.245414,1662,270142.313
shp_2_1,45.42197,9.245313,1663,270182.219
shp_2_1,45.422276,9.245194,1664,270217.406
shp_2_1,45.422466,9.245108,1665,270239.531
shp_2_1,45.422649,9.245012,1666,270261.125
shp_2_1,45.424538,9.243793,1667,270492.0
shp_2_1,45.426163,9.242729,1668,270691.125
shp_2_1,45.427189,9.242035,1669,270817.75
shp_2_1,45.428085,9.241465,1670,270926.719
shp_2_1,45.428509,9.241205,1671,270978.063
shp_2_1,45.428997,9.240934,1672,271036.438
shp_2_1,45.429264,9.240803,1673,271068.031
shp_2_1,45.429733,9.240601,1674,271122.656
shp_2_1,45.429996,9.240497,1675,271152.969
shp_2_1,45.43116,9.240073,1676,271286.781
shp_2_1,45.432186,9.239686,1677,271404.594
shp_2_1,45.433582,9.239212,1678,271564.375
shp_2_1,45.433582,9.239212,1679,271564.375
shp_2_1,45.434563,9.238861,1680,271676.969
shp_2_1,45.437164,9.237909,1681,271976.281
shp_2_1,45.437817,9.237662,1682,272051.094
shp_2_1,45.438599,9.237344,1683,272141.813
shp_2_1,45.439091,9.237161,1684,272198.406
shp_2_1,45.439987,9.236793,1685,272302.188
shp_2_1,45.441311,9.2363,1686,272454.531
shp_2_1,45.442039,9.235959,1687,272539.75
shp_2_1,45.442276,9.235876,1688,272567.125
shp_2_1,45.442936,9.235591,1689,272643.781
shp_2_1,45.44455,9.23499,1690,272829.531
shp_2_1,45.444965,9.234873,1691,272876.625
shp_2_1,45.445251,9.234812,1692,272908.719
shp_2_1,45.445545,9.234774,1693,272941.438
shp_2_1,45.445728,9.234758,1694,272962.0
shp_2_1,45.44593,9.234755,1695,272984.313
shp_2_1,45.446098,9.234759,1696,273003.281
shp_2_1,45.446266,9.234775,1697,273021.844
shp_2_1,45.446552,9.234817,1698,273053.75
shp_2_1,45.446735,9.234854,1699,273074.594
shp_2_1,45.446899,9.234898,1700,273093.25
shp_2_1,45.447193,9.234993,1701,273126.781
shp_2_1,45.447578,9.23516,1702,273171.531
shp_2_1,45.447742,9.235244,1703,273190.719
shp_2_1,45.447987,9.235389,1704,273220.406
shp_2_1,45.449123,9.236152,1705,273360.344
shp_2_1,45.449406,9.236326,1706,273394.5
shp_2_1,45.449791,9.236524,1707,273440.219
shp_2_1,45.449921,9.23658,1708,273454.938
shp_2_1,45.450211,9.236687,1709,273488.563
shp_2_1,45.450478,9.236763,1710,273518.781
shp_2_1,45.450886,9.236847,1711,273564.688
shp_2_1,45.453629,9.237202,1712,273871.219
shp_2_1,45.454002,9.237247,1713,273913.156
shp_2_1,45.454403,9.23728,1714,273957.531
shp_2_1,45.455326,9.237328,1715,274060.438
shp_2_1,45.480106,9.238346,1716,276820.094
shp_2_1,45.4804,9.238342,1717,276852.656
shp_2_1,45.480675,9.238323,1718,276883.656
shp_2_1,45.480862,9.238303,1719,276904.125
shp_2_1,45.481678,9.238157,1720,276995.906
shp_2_1,45.482758,9.237947,1721,277117.063
shp_2_1,45.482918,9.23791,1722,277135.406
shp_2_1,45.483265,9.237808,1723,277174.844
shp_2_1,45.483593,9.237684,1724,277212.625
shp_2_1,45.483898,9.237542,1725,277248.219
shp_2_1,45.484219,9.237366,1726,277286.594
shp_2_1,45.484386,9.237264,1727,277306.938
shp_2_1,45.484791,9.236989,1728,277356.781
shp_2_1,45.485157,9.236712,1729,277402.688
shp_2_1,45.485382,9.236528,1730,277431.531
shp_2_1,45.489655,9.232739,1731,277991.688
shp_2_1,45.490341,9.232259,1732,278076.813
shp_2_1,45.493793,9.229201,1733,278529.219
shp_2_1,45.4944,9.228651,1734,278609.375
shp_2_1,45.49456,9.228496,1735,278630.656
shp_2_1,45.494888,9.228135,1736,278676.938
shp_2_1,45.49514,9.22782,1737,278714.219
shp_2_1,45.495377,9.227487,1738,278751.25
shp_2_1,45.495579,9.227167,1739,278784.906
shp_2_1,45.495861,9.226658,1740,278835.438
shp_2_1,45.496078,9.226191,1741,278879.25
shp_2_1,45.496223,9.225835,1742,278911.344
shp_2_1,45.4963,9.225628,1743,278929.594
shp_2_1,45.496475,9.225088,1744,278976.031
shp_2_1,45.49662,9.224538,1745,279021.813
shp_2_1,45.496719,9.224056,1746,279061.031
shp_2_1,45.496799,9.223542,1747,279102.188
shp_2_1,45.496841,9.223194,1748,279129.719
shp_2_1,45.496883,9.22273,1749,279166.219
shp_2_1,45.497005,9.220722,1750,279323.469
shp_2_1,45.497082,9.219394,1751,279427.469
shp_2_1,45.497097,9.218942,1752,279462.75
shp_2_1,45.497089,9.218418,1753,279503.625
shp_2_1,45.497063,9.218095,1754,279529.063
shp_2_1,45.496975,9.217484,1755,279577.688
shp_2_1,45.496891,9.217108,1756,279608.438
shp_2_1,45.496815,9.216796,1757,279634.281
shp_2_1,45.496719,9.216491,1758,279660.344
shp_2_1,45.496609,9.216181,1759,279687.406
shp_2_1,45.49649,9.215893,1760,279713.469
shp_2_1,45.496365,9.215615,1761,279739.25
shp_2_1,45.496216,9.215332,1762,279767.0
shp_2_1,45.496067,9.215077,1763,279792.781
shp_2_1,45.495941,9.214873,1764,279814.125
shp_2_1,45.495792,9.214663,1765,279837.375
shp_2_1,45.495628,9.214453,1766,279861.75
shp_2_1,45.495464,9.214255,1767,279885.813
shp_2_1,45.494587,9.213318,1768,280007.781
shp_2_1,45.49382,9.212529,1769,280113.188
shp_2_1,45.49218,9.210416,1770,280359.156
shp_2_1,45.491913,9.210149,1771,280395.375
shp_2_1,45.49168,9.209847,1772,280430.406
shp_2_1,45.491028,9.209196,1773,280518.906
shp_2_1,45.490505,9.208722,1774,280588.094
shp_2_1,45.488663,9.206916,1775,280836.75
shp_2_1,45.486271,9.204501,1776,281163.031
